hour,bus_id,demandP,demandQ
1,1,68.173222199329,6.817322219933
1,2,82.396122618799,8.239612261880
1,3,377.900642860304,37.790064286030
1,4,87.649010913082,8.764901091308
1,5,98.974806034703,9.897480603470
1,6,84.211830769302,8.421183076930
1,7,568.219863237581,56.821986323758
1,8,1297.056664819630,129.705666481963
1,9,328.374898931679,32.837489893168
1,10,721.426695852894,72.142669585289
1,11,597.544313017443,59.754431301744
1,12,327.879732483262,32.787973248326
1,13,353.396874738515,35.339687473852
1,14,378.992019651545,37.899201965154
1,15,112.113227357977,11.211322735798
1,16,482.988200918179,48.298820091818
1,17,520.810097333036,52.081009733304
1,18,543.747354882692,54.374735488269
1,19,511.902164463238,51.190216446324
1,20,264.355997021411,26.435599702141
1,21,797.943487383969,79.794348738397
1,22,644.358382237307,64.435838223731
1,23,377.072992834863,37.707299283486
1,24,616.899025169268,61.689902516927
1,25,498.869483337380,49.886948333738
1,26,588.809629700801,58.880962970080
1,27,33.539601868824,3.353960186882
1,28,133.489844714254,13.348984471425
1,29,649.188823400064,64.918882340006
1,30,504.407451900202,50.440745190020
1,31,410.228451793576,41.022845179358
1,32,169.138380152649,16.913838015265
1,33,487.741079701570,48.774107970157
1,34,1090.781975111572,109.078197511157
1,35,664.513667292540,66.451366729254
1,36,766.592436096652,76.659243609665
1,37,939.827313307580,93.982731330758
1,38,380.640788906057,38.064078890606
1,39,734.363249526553,73.436324952655
1,40,1113.169618449806,111.316961844981
1,41,201.136273799597,20.113627379960
1,42,1227.536997871933,122.753699787193
1,43,639.804656053352,63.980465605335
1,44,197.397796465955,19.739779646595
1,45,361.425645009254,36.142564500925
1,46,1136.993376571977,113.699337657198
1,47,2879.829286817214,287.982928681721
1,48,200.880912323534,20.088091232353
1,49,410.988225564600,41.098822556460
1,50,488.737062837959,48.873706283796
1,51,1958.003636736996,195.800363673700
1,52,450.594130084656,45.059413008466
1,53,935.161683028507,93.516168302851
1,54,401.800275627944,40.180027562794
1,55,1169.570676602548,116.957067660255
1,56,162.494945889563,16.249494588956
1,57,1841.555941841758,184.155594184176
1,58,1378.537962288408,137.853796228841
1,59,125.175480516837,12.517548051684
1,60,182.293898954060,18.229389895406
1,61,872.722206523648,87.272220652365
1,62,1027.196087014602,102.719608701460
1,63,142.312290193358,14.231229019336
1,64,518.542003119333,51.854200311933
1,65,123.317725778465,12.331772577847
1,66,35.623219429991,3.562321942999
1,67,28.224194040746,2.822419404075
1,68,44.561384750405,4.456138475040
1,69,46.368287332767,4.636828733277
1,70,255.743124064042,25.574312406404
1,71,288.420440672740,28.842044067274
1,72,100.696294606105,10.069629460610
1,73,327.008274756323,32.700827475632
1,74,92.996338925669,9.299633892567
1,75,192.996333231091,19.299633323109
1,76,85.915194546284,8.591519454628
1,77,354.308617939697,35.430861793970
1,78,85.751998016753,8.575199801675
1,79,156.311749321271,15.631174932127
1,80,41.476867610637,4.147686761064
1,81,226.393798554186,22.639379855419
1,82,98.437446238948,9.843744623895
1,83,258.867853298315,25.886785329831
1,84,377.612040364511,37.761204036451
1,85,243.808644044733,24.380864404473
1,86,238.754394691745,23.875439469174
1,87,54.620058616654,5.462005861665
1,88,15.358305051410,1.535830505141
1,89,82.846967707577,8.284696770758
1,90,165.918330643258,16.591833064326
1,91,55.541561322523,5.554156132252
1,92,28.188898388451,2.818889838845
1,93,109.902736235856,10.990273623586
1,94,40.624635374139,4.062463537414
1,95,62.426708431056,6.242670843106
1,96,161.508355359192,16.150835535919
1,97,50.254257932758,5.025425793276
1,98,259.091074450669,25.909107445067
1,99,831.277185717783,83.127718571778
1,100,194.807932116462,19.480793211646
1,101,303.816683046888,30.381668304689
1,102,89.442558383767,8.944255838377
1,103,93.765945581120,9.376594558112
1,104,198.083016426729,19.808301642673
1,105,132.788627971358,13.278862797136
1,106,157.152901217862,15.715290121786
1,107,29.839355376856,2.983935537686
1,108,815.669169429867,81.566916942987
1,109,427.139838925705,42.713983892570
1,110,249.966597984356,24.996659798436
1,111,158.294322988029,15.829432298803
1,112,29.264571916507,2.926457191651
1,113,622.062243427989,62.206224342799
1,114,68.809130978519,6.880913097852
1,115,30.004973437626,3.000497343763
1,116,42.357130905716,4.235713090572
1,117,255.758313669084,25.575831366908
1,118,92.887003121262,9.288700312126
1,119,93.576479106638,9.357647910664
1,120,38.368575436893,3.836857543689
1,121,89.290588953614,8.929058895361
1,122,73.941456369017,7.394145636902
1,123,60.138801689036,6.013880168904
1,124,116.872343418799,11.687234341880
1,125,24.891066360488,2.489106636049
1,126,414.670787540553,41.467078754055
1,127,326.758196621140,32.675819662114
1,128,493.699440763349,49.369944076335
1,129,58.434850874178,5.843485087418
1,130,73.921790600169,7.392179060017
1,131,189.436462171224,18.943646217122
1,132,101.690296489661,10.169029648966
1,133,304.364462764940,30.436446276494
1,134,693.435996127329,69.343599612733
1,135,147.164598516998,14.716459851700
1,136,169.232232833076,16.923223283308
1,137,2014.008297563956,201.400829756396
1,138,43.521373773317,4.352137377332
1,139,46.173610897135,4.617361089713
1,140,53.394983949153,5.339498394915
1,141,55.500982329343,5.550098232934
1,142,75.414040880990,7.541404088099
1,143,108.430151723882,10.843015172388
1,144,49.878920590783,4.987892059078
1,145,154.938887868484,15.493888786848
1,146,45.316021940017,4.531602194002
1,147,61.428157003961,6.142815700396
1,148,332.579117440201,33.257911744020
1,149,1315.717718341213,131.571771834121
1,150,731.668378776989,73.166837877699
1,151,618.375131908496,61.837513190850
1,152,277.137352556600,27.713735255660
1,153,217.167324256916,21.716732425692
1,154,148.643933964547,14.864393396455
1,155,416.518709394502,41.651870939450
1,156,448.726395702391,44.872639570239
1,157,211.244772505574,21.124477250557
1,158,552.645014589653,55.264501458965
1,159,384.369359975543,38.436935997554
1,160,1096.979260588887,109.697926058889
1,161,180.884934671899,18.088493467190
1,162,65.268925687499,6.526892568750
1,163,68.650043714120,6.865004371412
1,164,57.733780890753,5.773378089075
1,165,1683.408231563261,168.340823156326
1,166,540.712735962383,54.071273596238
1,167,2246.727869510578,224.672786951058
1,168,143.077860963411,14.307786096341
1,169,40.321797209851,4.032179720985
1,170,177.181679610818,17.718167961082
1,171,49.599710701006,4.959971070101
1,172,523.097710556118,52.309771055612
1,173,54.281484521664,5.428148452166
1,174,393.615573421391,39.361557342139
1,175,178.465017787512,17.846501778751
1,176,517.153585162830,51.715358516283
1,177,661.234253577942,66.123425357794
1,178,747.431079545241,74.743107954524
1,179,398.944776639558,39.894477663956
1,180,373.131327016389,37.313132701639
1,181,338.267587838484,33.826758783848
1,182,610.685596150362,61.068559615036
1,183,276.256282084442,27.625628208444
1,184,545.831999760139,54.583199976014
1,185,311.934609695044,31.193460969504
1,186,467.109119891011,46.710911989101
1,187,64.557876060180,6.455787606018
1,188,58.960763431350,5.896076343135
1,189,107.627083909498,10.762708390950
1,190,193.124087348858,19.312408734886
1,191,268.788132985295,26.878813298530
1,192,134.261359242801,13.426135924280
1,193,38.296736676816,3.829673667682
2,1,65.275298737412,6.527529873741
2,2,78.893608740110,7.889360874011
2,3,361.836752906315,36.183675290632
2,4,83.923206015725,8.392320601573
2,5,94.767561558152,9.476756155815
2,6,80.632134338879,8.063213433888
2,7,544.065838826214,54.406583882621
2,8,1241.921073172985,124.192107317299
2,9,314.416261020495,31.441626102049
2,10,690.760119145497,69.076011914550
2,11,572.143757955428,57.214375795543
2,12,313.942143224644,31.394214322464
2,13,338.374596758475,33.837459675848
2,14,362.881737194648,36.288173719465
2,15,107.347491758710,10.734749175871
2,16,462.457224178103,46.245722417810
2,17,498.671378469897,49.867137846990
2,18,520.633613647706,52.063361364771
2,19,490.142106118521,49.014210611852
2,20,253.118689742209,25.311868974221
2,21,764.024316795057,76.402431679506
2,22,616.967843642703,61.696784364270
2,23,361.044284824014,36.104428482401
2,24,590.675735422959,59.067573542296
2,25,477.663421286045,47.766342128605
2,26,563.780370624206,56.378037062421
2,27,32.113892535695,3.211389253569
2,28,127.815426805794,12.781542680579
2,29,621.592951269427,62.159295126943
2,30,482.965980570682,48.296598057068
2,31,392.790363687323,39.279036368732
2,32,161.948605863821,16.194860586382
2,33,467.008066465438,46.700806646544
2,34,1044.414756788357,104.441475678836
2,35,636.266363071216,63.626636307122
2,36,734.005943414848,73.400594341485
2,37,899.876911470591,89.987691147059
2,38,364.460420175521,36.446042017552
2,39,703.146762734259,70.314676273426
2,40,1065.850740885706,106.585074088571
2,41,192.586325475570,19.258632547557
2,42,1175.356564679196,117.535656467920
2,43,612.607688328981,61.260768832898
2,44,189.006764221108,18.900676422111
2,45,346.062078162600,34.606207816260
2,46,1088.661793059910,108.866179305991
2,47,2757.412822003719,275.741282200372
2,48,192.341818965560,19.234181896556
2,49,393.517840815095,39.351784081509
2,50,467.961712114972,46.796171211497
2,51,1874.772354800067,187.477235480007
2,52,431.440168173380,43.144016817338
2,53,895.409608907506,89.540960890751
2,54,384.720454428604,38.472045442860
2,55,1119.854289511614,111.985428951161
2,56,155.587572276510,15.558757227651
2,57,1763.274646075888,176.327464607589
2,58,1319.938744367038,131.993874436704
2,59,119.854491569213,11.985449156921
2,60,174.544906758871,17.454490675887
2,61,835.624324445738,83.562432444574
2,62,983.531792669724,98.353179266972
2,63,136.262845684710,13.626284568471
2,64,496.499696941756,49.649969694176
2,65,118.075706708882,11.807570670888
2,66,34.108939188501,3.410893918850
2,67,27.024433321424,2.702443332142
2,68,42.667158862325,4.266715886232
2,69,44.397253202127,4.439725320213
2,70,244.871934826683,24.487193482668
2,71,276.160196328143,27.616019632814
2,72,96.415872685985,9.641587268599
2,73,313.107729628986,31.310772962899
2,74,89.043228543749,8.904322854375
2,75,184.792399427005,18.479239942701
2,76,82.263091125339,8.226309112534
2,77,339.247583363905,33.924758336390
2,78,82.106831792505,8.210683179250
2,79,149.667212491149,14.966721249115
2,80,39.713759107062,3.971375910706
2,81,216.770197390893,21.677019739089
2,82,94.253043979759,9.425304397976
2,83,247.863837331222,24.786383733122
2,84,361.560418393709,36.156041839371
2,85,233.444768508238,23.344476850824
2,86,228.605366382796,22.860536638280
2,87,52.298256239559,5.229825623956
2,88,14.705450585859,1.470545058586
2,89,79.325289199164,7.932528919916
2,90,158.865434980977,15.886543498098
2,91,53.180587490341,5.318058749034
2,92,26.990638025068,2.699063802507
2,93,105.230964716304,10.523096471630
2,94,38.897753760146,3.889775376015
2,95,59.773059136268,5.977305913627
2,96,154.642919969873,15.464291996987
2,97,48.118038044269,4.811803804427
2,98,248.077569746008,24.807756974601
2,99,795.941058391934,79.594105839193
2,100,186.526990438255,18.652699043826
2,101,290.901971588049,29.090197158805
2,102,85.640512946095,8.564051294610
2,103,89.780120577367,8.978012057737
2,104,189.662856689638,18.966285668964
2,105,127.144017550143,12.714401755014
2,106,150.472608503866,15.047260850387
2,107,28.570936997243,2.857093699724
2,108,780.996511353903,78.099651135390
2,109,408.982877573290,40.898287757329
2,110,239.340958684563,23.934095868456
2,111,151.565510447319,15.156551044732
2,112,28.020586568244,2.802058656824
2,113,595.619474378103,59.561947437810
2,114,65.884176155732,6.588417615573
2,115,28.729514926292,2.872951492629
2,116,40.556603961687,4.055660396169
2,117,244.886478748399,24.488647874840
2,118,88.938540411588,8.893854041159
2,119,89.598707988618,8.959870798862
2,120,36.737594952592,3.673759495259
2,121,85.495003468442,8.549500346844
2,122,70.798335444005,7.079833544400
2,123,57.582407275453,5.758240727545
2,124,111.904306187811,11.190430618781
2,125,23.832991021358,2.383299102136
2,126,397.043863575125,39.704386357512
2,127,312.868281874352,31.286828187435
2,128,472.713148105201,47.271314810520
2,129,55.950888405061,5.595088840506
2,130,70.779505632314,7.077950563231
2,131,181.383852208566,18.138385220857
2,132,97.367621302252,9.736762130225
2,133,291.426466156217,29.142646615622
2,134,663.959254707649,66.395925470765
2,135,140.908890937867,14.090889093787
2,136,162.038469032300,16.203846903230
2,137,1928.396356251522,192.839635625152
2,138,41.671356917961,4.167135691796
2,139,44.210852118489,4.421085211849
2,140,51.125257335930,5.112525733593
2,141,53.141733438606,5.314173343861
2,142,72.208322985068,7.220832298507
2,143,103.820977175241,10.382097717524
2,144,47.758655630847,4.775865563085
2,145,148.352708957873,14.835270895787
2,146,43.389717755702,4.338971775570
2,147,58.816954369535,5.881695436953
2,148,318.441765613761,31.844176561376
2,149,1259.788878215478,125.978887821548
2,150,700.566446188237,70.056644618824
2,151,592.089095467608,59.208909546761
2,152,265.356732391700,26.535673239170
2,153,207.935924246425,20.793592424642
2,154,142.325342444137,14.232534244414
2,155,398.813233529609,39.881323352961
2,156,429.651827886221,42.965182788622
2,157,202.265129726454,20.226512972645
2,158,529.153049530280,52.915304953028
2,159,368.030496263648,36.803049626365
2,160,1050.348606588063,105.034860658806
2,161,173.195835063837,17.319583506384
2,162,62.494458748985,6.249445874898
2,163,65.731851410415,6.573185141041
2,164,55.279619670393,5.527961967039
2,165,1611.849516090349,161.184951609035
2,166,517.727991026581,51.772799102658
2,167,2151.223429562539,215.122342956254
2,168,136.995873391302,13.699587339130
2,169,38.607788712212,3.860778871221
2,170,169.649998845237,16.964999884524
2,171,47.491314461137,4.749131446114
2,172,500.861749288745,50.086174928874
2,173,51.974074332322,5.197407433232
2,174,376.883669480294,37.688366948029
2,175,170.878784579027,17.087878457903
2,176,495.170298184308,49.517029818431
2,177,633.126351450845,63.312635145084
2,178,715.659102342111,71.565910234211
2,179,381.986337666949,38.198633766695
2,180,357.270172268914,35.727017226891
2,181,323.888429166221,32.388842916622
2,182,584.726428315149,58.472642831515
2,183,264.513114671670,26.451311467167
2,184,522.629643947386,52.262964394739
2,185,298.674819489197,29.867481948920
2,186,447.253134884902,44.725313488490
2,187,61.813634587489,6.181363458749
2,188,56.454445346799,5.645444534680
2,189,103.052046357551,10.305204635755
2,190,184.914722942502,18.491472294250
2,191,257.362423421711,25.736242342171
2,192,128.554145612189,12.855414561219
2,193,36.668809931529,3.666880993153
3,1,63.236742637410,6.323674263741
3,2,76.429751041116,7.642975104112
3,3,350.536543882237,35.053654388224
3,4,81.302273337297,8.130227333730
3,5,91.807958240613,9.180795824061
3,6,78.113982258504,7.811398225850
3,7,527.074591662363,52.707459166236
3,8,1203.135715948934,120.313571594893
3,9,304.597000147841,30.459700014784
3,10,669.187590459162,66.918759045916
3,11,554.275633712141,55.427563371214
3,12,304.137689112643,30.413768911264
3,13,327.807113933427,32.780711393343
3,14,351.548893174843,35.154889317484
3,15,103.995015578940,10.399501557894
3,16,448.014624702143,44.801462470214
3,17,483.097806228345,48.309780622835
3,18,504.374157934805,50.437415793480
3,19,474.834904165836,47.483490416584
3,20,245.213760021793,24.521376002179
3,21,740.163737652900,74.016373765290
3,22,597.699857352482,59.769985735248
3,23,349.768824681588,34.976882468159
3,24,572.228855104368,57.222885510437
3,25,462.745930289529,46.274593028953
3,26,546.173436058951,54.617343605895
3,27,31.110971479956,3.111097147996
3,28,123.823734342809,12.382373434281
3,29,602.180522264304,60.218052226430
3,30,467.882889955560,46.788288995556
3,31,380.523469358157,38.052346935816
3,32,156.890929763426,15.689092976343
3,33,452.423343590821,45.242334359082
3,34,1011.797547605641,101.179754760564
3,35,616.395681500192,61.639568150019
3,36,711.082841991674,71.108284199167
3,37,871.773638063778,87.177363806378
3,38,353.078273680157,35.307827368016
3,39,681.187397551812,68.118739755181
3,40,1032.564083121576,103.256408312158
3,41,186.571829392536,18.657182939254
3,42,1138.650025744121,113.865002574412
3,43,593.475870258341,59.347587025834
3,44,183.104058303293,18.310405830329
3,45,335.254514289848,33.525451428985
3,46,1054.662743158836,105.466274315884
3,47,2671.298459645448,267.129845964545
3,48,186.334958852750,18.633495885275
3,49,381.228227280270,38.122822728027
3,50,453.347206762240,45.334720676224
3,51,1816.222969444265,181.622296944426
3,52,417.966235405128,41.796623540513
3,53,867.445849942859,86.744584994286
3,54,372.705584418959,37.270558441896
3,55,1084.881093874774,108.488109387477
3,56,150.728552085356,15.072855208536
3,57,1708.207348717420,170.820734871742
3,58,1278.716885087893,127.871688508789
3,59,116.111420152813,11.611142015281
3,60,169.093846537318,16.909384653732
3,61,809.527667718648,80.952766771865
3,62,952.815966403531,95.281596640353
3,63,132.007339227488,13.200733922749
3,64,480.993946597798,48.099394659780
3,65,114.388186975856,11.438818697586
3,66,33.043712565379,3.304371256538
3,67,26.180456741276,2.618045674128
3,68,41.334657921679,4.133465792168
3,69,43.010721189419,4.301072118942
3,70,237.224552338735,23.722455233873
3,71,267.535677349424,26.753567734942
3,72,93.404792396768,9.340479239677
3,73,303.329334362494,30.332933436249
3,74,86.262396893450,8.626239689345
3,75,179.021308671814,17.902130867181
3,76,79.694004051635,7.969400405163
3,77,328.652837053217,32.865283705322
3,78,79.542624718161,7.954262471816
3,79,144.993085908880,14.499308590888
3,80,38.473493226283,3.847349322628
3,81,210.000435831204,21.000043583120
3,82,91.309509113352,9.130950911335
3,83,240.123017337522,24.012301733752
3,84,350.268839332530,35.026883933253
3,85,226.154257916010,22.615425791601
3,86,221.465990950637,22.146599095064
3,87,50.664974870669,5.066497487067
3,88,14.246197444551,1.424619744455
3,89,76.847950063087,7.684795006309
3,90,153.904046709700,15.390404670970
3,91,51.519750801317,5.151975080132
3,92,26.147716876437,2.614771687644
3,93,101.944587952340,10.194458795234
3,94,37.682971832866,3.768297183287
3,95,57.906338697221,5.790633869722
3,96,149.813401393561,14.981340139356
3,97,46.615305435263,4.661530543526
3,98,240.330074861095,24.033007486109
3,99,771.083715243590,77.108371524359
3,100,180.701728179365,18.070172817936
3,101,281.817065043708,28.181706504371
3,102,82.965948548070,8.296594854807
3,103,86.976275692672,8.697627569267
3,104,183.739660918391,18.373966091839
3,105,123.173293285852,12.317329328585
3,106,145.773329298992,14.577332929899
3,107,27.678662905433,2.767866290543
3,108,756.605888360279,75.660588836028
3,109,396.210288921845,39.621028892184
3,110,231.866309303495,23.186630930349
3,111,146.832099772093,14.683209977209
3,112,27.145499992170,2.714549999217
3,113,577.018200446633,57.701820044663
3,114,63.826604734479,6.382660473448
3,115,27.832288425060,2.783228842506
3,116,39.290015926081,3.929001592608
3,117,237.238642051876,23.723864205188
3,118,86.160978185322,8.616097818532
3,119,86.800528642750,8.680052864275
3,120,35.590275066838,3.559027506684
3,121,82.824983350398,8.282498335040
3,122,68.587294186730,6.858729418673
3,123,55.784101179968,5.578410117997
3,124,108.409520098615,10.840952009862
3,125,23.088683600822,2.308868360082
3,126,384.644131889249,38.464413188925
3,127,303.097364592493,30.309736459249
3,128,457.950254786286,45.795025478629
3,129,54.203534856861,5.420353485686
3,130,68.569052432516,6.856905243252
3,131,175.719210827927,17.571921082793
3,132,94.326817779517,9.432681777952
3,133,282.325179578051,28.232517957805
3,134,643.223720516046,64.322372051605
3,135,136.508287880937,13.650828788094
3,136,156.977986493422,15.697798649342
3,137,1868.172286330812,186.817228633081
3,138,40.369955002021,4.036995500202
3,139,42.830141435954,4.283014143595
3,140,49.528608875912,4.952860887591
3,141,51.482110166690,5.148211016669
3,142,69.953247632840,6.995324763284
3,143,100.578634506232,10.057863450623
3,144,46.267146581524,4.626714658152
3,145,143.719634492533,14.371963449253
3,146,42.034651206501,4.203465120650
3,147,56.980093207154,5.698009320715
3,148,308.496787707209,30.849678770721
3,149,1220.445507107654,122.044550710765
3,150,678.687664628333,67.868766462833
3,151,573.598075730335,57.359807573033
3,152,257.069607001901,25.706960700190
3,153,201.442058190183,20.144205819018
3,154,137.880503421777,13.788050342178
3,155,386.358244189099,38.635824418910
3,156,416.233745218570,41.623374521857
3,157,195.948363323284,19.594836332328
3,158,512.627530722719,51.262753072272
3,159,356.536855826047,35.653685582605
3,160,1017.546082501553,101.754608250155
3,161,167.786906527415,16.778690652742
3,162,60.542748644807,6.054274864481
3,163,63.679037110842,6.367903711084
3,164,53.553229932398,5.355322993240
3,165,1561.511245306961,156.151124530696
3,166,501.559278287411,50.155927828741
3,167,2084.040441056546,208.404044105655
3,168,132.717474383121,13.271747438312
3,169,37.402062431226,3.740206243123
3,170,164.351807236764,16.435180723676
3,171,46.008154511440,4.600815451144
3,172,485.219771480610,48.521977148061
3,173,50.350917206710,5.035091720671
3,174,365.113543287526,36.511354328753
3,175,165.542217831691,16.554221783169
3,176,479.706065137073,47.970606513707
3,177,613.353732852593,61.335373285259
3,178,693.308975160466,69.330897516047
3,179,370.056854480656,37.005685448066
3,180,346.112578154221,34.611257815422
3,181,313.773351245969,31.377335124597
3,182,566.465345634103,56.646534563410
3,183,256.252335573385,25.625233557339
3,184,506.307851947683,50.630785194768
3,185,289.347165890309,28.934716589031
3,186,433.285361102170,43.328536110217
3,187,59.883186710743,5.988318671074
3,188,54.691365649579,5.469136564958
3,189,99.833717498346,9.983371749835
3,190,179.139812007955,17.913981200796
3,191,249.324961344547,24.932496134455
3,192,124.539382864455,12.453938286446
3,193,35.523638210961,3.552363821096
4,1,61.803649906031,6.180364990603
4,2,74.697673832362,7.469767383236
4,3,342.592564604233,34.259256460423
4,4,79.459773358570,7.945977335857
4,5,89.727374830558,8.972737483056
4,6,76.343736424756,7.634373642476
4,7,515.129846650171,51.512984665017
4,8,1175.869842068075,117.586984206807
4,9,297.694118552336,29.769411855234
4,10,654.022231969489,65.402223196949
4,11,541.714449363865,54.171444936386
4,12,297.245216581212,29.724521658121
4,13,320.378236785758,32.037823678576
4,14,343.581971690261,34.358197169026
4,15,101.638244899269,10.163824489927
4,16,437.861563753176,43.786156375318
4,17,472.149678197458,47.214967819746
4,18,492.943857930645,49.294385793065
4,19,464.074032852988,46.407403285299
4,20,239.656641763251,23.965664176325
4,21,723.389893393682,72.338989339368
4,22,584.154578367620,58.415457836762
4,23,341.842243719187,34.184224371919
4,24,559.260808700759,55.926080870076
4,25,452.259023445271,45.225902344527
4,26,533.795866490322,53.379586649032
4,27,30.405923983286,3.040592398329
4,28,121.017598443681,12.101759844368
4,29,588.533700915793,58.853370091579
4,30,457.279567571037,45.727956757104
4,31,371.899916099210,37.189991609921
4,32,153.335413750333,15.333541375033
4,33,442.170370743635,44.217037074363
4,34,988.867844862822,98.886784486282
4,35,602.426711341879,60.242671134188
4,36,694.968038955263,69.496803895526
4,37,852.017205141863,85.201720514186
4,38,345.076692850481,34.507669285048
4,39,665.750095321755,66.575009532175
4,40,1009.163762034696,100.916376203470
4,41,182.343674661109,18.234367466111
4,42,1112.845548672397,111.284554867240
4,43,580.026316716466,58.002631671647
4,44,178.954491388614,17.895449138861
4,45,327.656861603254,32.765686160325
4,46,1030.761614665506,103.076161466551
4,47,2610.760578562447,261.076057856245
4,48,182.112172162666,18.211217216267
4,49,372.588702555789,37.258870255579
4,50,443.073297011278,44.307329701128
4,51,1775.063102134259,177.506310213426
4,52,408.494141351277,40.849414135128
4,53,847.787494838371,84.778749483837
4,54,364.259202747508,36.425920274751
4,55,1060.295146762408,106.029514676241
4,56,147.312689986904,14.731268998690
4,57,1669.495368418712,166.949536841871
4,58,1249.738164852136,124.973816485214
4,59,113.480063360685,11.348006336068
4,60,165.261783842646,16.526178384265
4,61,791.181874306909,79.118187430691
4,62,931.222924465501,93.122292446550
4,63,129.015743670136,12.901574367014
4,64,470.093496954802,47.009349695480
4,65,111.795882684496,11.179588268450
4,66,32.294864627927,3.229486462793
4,67,25.587146259185,2.558714625919
4,68,40.397917739453,4.039791773945
4,69,42.035997487072,4.203599748707
4,70,231.848488242416,23.184848824242
4,71,261.472692151211,26.147269215121
4,72,91.288020983869,9.128802098387
4,73,296.455181043415,29.645518104342
4,74,84.307488894976,8.430748889498
4,75,174.964266428344,17.496426642834
4,76,77.887951222574,7.788795122257
4,77,321.204793838397,32.120479383840
4,78,77.740002499431,7.774000249943
4,79,141.707202910327,14.170720291033
4,80,37.601593738838,3.760159373884
4,81,205.241333992237,20.524133399224
4,82,89.240221728226,8.924022172823
4,83,234.681267234166,23.468126723417
4,84,342.330926866767,34.233092686677
4,85,221.029072625427,22.102907262543
4,86,216.447052772580,21.644705277258
4,87,49.516787848466,4.951678784847
4,88,13.923345236228,1.392334523623
4,89,75.106395484790,7.510639548479
4,90,150.416220463904,15.041622046390
4,91,50.352192554063,5.035219255406
4,92,25.555148356382,2.555514835638
4,93,99.634284766175,9.963428476618
4,94,36.828987412130,3.682898741213
4,95,56.594045406538,5.659404540654
4,96,146.418278753687,14.641827875369
4,97,45.558893409532,4.555889340953
4,98,234.883632349186,23.488363234919
4,99,753.609151856671,75.360915185667
4,100,176.606603693176,17.660660369318
4,101,275.430430143675,27.543043014367
4,102,81.085745791614,8.108574579161
4,103,85.005189528221,8.500518952822
4,104,179.575689759442,17.957568975944
4,105,120.381897904847,12.038189790485
4,106,142.469764157361,14.246976415736
4,107,27.051399561850,2.705139956185
4,108,739.459426447397,73.945942644740
4,109,387.231235582445,38.723123558245
4,110,226.611675546984,22.661167554698
4,111,143.504540411187,14.350454041119
4,112,26.530319369229,2.653031936923
4,113,563.941616257683,56.394161625768
4,114,62.380144346125,6.238014434613
4,115,27.201543567307,2.720154356731
4,116,38.399612121408,3.839961212141
4,117,231.862258649651,23.186225864965
4,118,84.208368572367,8.420836857237
4,119,84.833425318168,8.483342531817
4,120,34.783716057332,3.478371605733
4,121,80.947975195557,8.094797519556
4,122,67.032945422634,6.703294542263
4,123,54.519902763140,5.451990276314
4,124,105.952706404773,10.595270640477
4,125,22.565439941118,2.256543994112
4,126,375.927194763971,37.592719476397
4,127,296.228468251833,29.622846825183
4,128,447.572029183647,44.757202918365
4,129,52.975155775671,5.297515577567
4,130,67.015117069306,6.701511706931
4,131,171.737001857346,17.173700185735
4,132,92.189151111438,9.218915111144
4,133,275.927029612321,27.592702961232
4,134,628.646764144226,62.864676414423
4,135,133.414690282832,13.341469028283
4,136,153.420497570881,15.342049757088
4,137,1825.835125799726,182.583512579973
4,138,39.455077247941,3.945507724794
4,139,41.859510093861,4.185951009386
4,140,48.406174569288,4.840617456929
4,141,50.315404944396,5.031540494440
4,142,68.367943163669,6.836794316367
4,143,98.299287025143,9.829928702514
4,144,45.218624651041,4.521862465104
4,145,140.462610886359,14.046261088636
4,146,41.082047536583,4.108204753658
4,147,55.688790809169,5.568879080917
4,148,301.505527789667,30.150552778967
4,149,1192.787352807901,119.278735280790
4,150,663.307012202388,66.330701220239
4,151,560.598999579702,56.059899957970
4,152,251.243807476378,25.124380747638
4,153,196.876909238069,19.687690923807
4,154,134.755808204860,13.475580820486
4,155,377.602461263493,37.760246126349
4,156,406.800913451011,40.680091345101
4,157,191.507714366803,19.150771436680
4,158,501.010189956206,50.101018995621
4,159,348.456895422607,34.845689542261
4,160,994.486104491036,99.448610449104
4,161,163.984462155104,16.398446215510
4,162,59.170708128456,5.917070812846
4,163,62.235920950542,6.223592095054
4,164,52.339588284250,5.233958828425
4,165,1526.123742373011,152.612374237301
4,166,490.192770050413,49.019277005041
4,167,2036.811202430179,203.681120243018
4,168,129.709785499526,12.970978549953
4,169,36.554444075612,3.655444407561
4,170,160.627210261705,16.062721026170
4,171,44.965501948001,4.496550194800
4,172,474.223554746030,47.422355474603
4,173,49.209847466908,4.920984746691
4,174,356.839215053807,35.683921505381
4,175,161.790643363804,16.179064336380
4,176,468.834801905066,46.883480190507
4,177,599.453700376937,59.945370037694
4,178,677.596969584865,67.759696958487
4,179,361.670499234723,36.167049923472
4,180,338.268856303533,33.826885630353
4,181,306.662512037359,30.666251203736
4,182,553.627913857128,55.362791385713
4,183,250.445057333034,25.044505733303
4,184,494.833729907174,49.483372990717
4,185,282.789881264504,28.278988126450
4,186,423.466099772273,42.346609977227
4,187,58.526093412959,5.852609341296
4,188,53.451931179797,5.345193117980
4,189,97.571251581755,9.757125158176
4,190,175.080084201273,17.508008420127
4,191,243.674673632816,24.367467363282
4,192,121.717028693294,12.171702869329
4,193,34.718589348718,3.471858934872
5,1,60.987006773756,6.098700677376
5,2,73.710655388873,7.371065538887
5,3,338.065714402372,33.806571440237
5,4,78.409830866432,7.840983086643
5,5,88.541761285987,8.854176128599
5,6,75.334967717109,7.533496771711
5,7,508.323173385130,50.832317338513
5,8,1160.332474413649,116.033247441365
5,9,293.760534406345,29.376053440634
5,10,645.380302813108,64.538030281311
5,11,534.556500190955,53.455650019095
5,12,293.317564005805,29.331756400581
5,13,316.144915821712,31.614491582171
5,14,339.042047948196,33.904204794820
5,15,100.295246956594,10.029524695659
5,16,432.075875699633,43.207587569963
5,17,465.910923808476,46.591092380848
5,18,486.430339444459,48.643033944446
5,19,457.941986082721,45.794198608272
5,20,236.489936384234,23.648993638423
5,21,713.831373964877,71.383137396488
5,22,576.435846135189,57.643584613519
5,23,337.325307889676,33.732530788968
5,24,551.871010537205,55.187101053720
5,25,446.283094417326,44.628309441733
5,26,526.742549589631,52.674254958963
5,27,30.004155009459,3.000415500946
5,28,119.418531223478,11.941853122348
5,29,580.757105104759,58.075710510476
5,30,451.237299534200,45.123729953420
5,31,366.985812921838,36.698581292184
5,32,151.309314761612,15.130931476161
5,33,436.327748226797,43.632774822680
5,34,975.801429926752,97.580142992675
5,35,594.466540101751,59.446654010175
5,36,685.785071977955,68.578507197796
5,37,840.759067471710,84.075906747171
5,38,340.517018595751,34.051701859575
5,39,656.953199928308,65.695319992831
5,40,995.829166798644,99.582916679864
5,41,179.934274733235,17.993427473323
5,42,1098.140953134932,109.814095313493
5,43,572.362133309725,57.236213330972
5,44,176.589874467046,17.658987446705
5,45,323.327364459020,32.332736445902
5,46,1017.141635992560,101.714163599256
5,47,2576.263268132696,257.626326813270
5,48,179.705831195317,17.970583119532
5,49,367.665498091837,36.766549809184
5,50,437.218743669375,43.721874366938
5,51,1751.608288479750,175.160828847975
5,52,403.096500020762,40.309650002076
5,53,836.585246486665,83.658524648667
5,54,359.446060210710,35.944606021071
5,55,1046.284926474357,104.628492647436
5,56,145.366172317513,14.536617231751
5,57,1647.435475045769,164.743547504577
5,58,1233.224737392407,123.322473739241
5,59,111.980593433995,11.198059343400
5,60,163.078095646108,16.307809564611
5,61,780.727584875518,78.072758487552
5,62,918.918201248683,91.891820124868
5,63,127.310992879788,12.731099287979
5,64,463.881911936774,46.388191193677
5,65,110.318666695636,11.031866669564
5,66,31.868136118425,3.186813611843
5,67,25.249050251928,2.524905025193
5,68,39.864119458440,3.986411945844
5,69,41.480554423298,4.148055442330
5,70,228.784955976285,22.878495597629
5,71,258.017720177102,25.801772017710
5,72,90.081785826093,9.008178582609
5,73,292.537967610311,29.253796761031
5,74,83.193491066204,8.319349106620
5,75,172.652374383300,17.265237438330
5,76,76.858778017599,7.685877801760
5,77,316.960551154655,31.696055115466
5,78,76.712784216355,7.671278421635
5,79,139.834753399227,13.983475339923
5,80,37.104744712346,3.710474471235
5,81,202.529375618925,20.252937561892
5,82,88.061045185935,8.806104518594
5,83,231.580304015133,23.158030401513
5,84,337.807533817708,33.780753381771
5,85,218.108502813331,21.810850281333
5,86,213.587027524607,21.358702752461
5,87,48.862497288116,4.886249728812
5,88,13.739368977824,1.373936897782
5,89,74.113976393751,7.411397639375
5,90,148.428694264213,14.842869426421
5,91,49.686863365466,4.968686336547
5,92,25.217475153727,2.521747515373
5,93,98.317766170312,9.831776617031
5,94,36.342347226889,3.634234722689
5,95,55.846239434249,5.584623943425
5,96,144.483579395871,14.448357939587
5,97,44.956900526044,4.495690052604
5,98,231.779995176728,23.177999517673
5,99,743.651329960718,74.365132996072
5,100,174.273010608626,17.427301060863
5,101,271.791027462140,27.179102746214
5,102,80.014318496837,8.001431849684
5,103,83.881972625310,8.388197262531
5,104,177.202864627128,17.720286462713
5,105,118.791230519930,11.879123051993
5,106,140.587238535768,14.058723853577
5,107,26.693955629263,2.669395562926
5,108,729.688572086478,72.968857208648
5,109,382.114551865190,38.211455186519
5,110,223.617339956604,22.361733995660
5,111,141.608341763447,14.160834176345
5,112,26.179760734863,2.617976073486
5,113,556.489968197710,55.648996819771
5,114,61.555883698929,6.155588369893
5,115,26.842115705437,2.684211570544
5,116,37.892218471217,3.789221847122
5,117,228.798544428109,22.879854442811
5,118,83.095680470946,8.309568047095
5,119,83.712478023326,8.371247802333
5,120,34.324101085134,3.432410108513
5,121,79.878368333897,7.987836833390
5,122,66.147204942924,6.614720494292
5,123,53.799503494949,5.379950349495
5,124,104.552699282815,10.455269928282
5,125,22.267271279837,2.226727127984
5,126,370.959877100587,37.095987710059
5,127,292.314250490417,29.231425049042
5,128,441.658031800202,44.165803180020
5,129,52.275168036901,5.227516803690
5,130,66.129612164717,6.612961216472
5,131,169.467753304264,16.946775330426
5,132,90.971008861911,9.097100886191
5,133,272.281065108852,27.228106510885
5,134,620.340133980045,62.034013398004
5,135,131.651813968410,13.165181396841
5,136,151.393274326266,15.139327432627
5,137,1801.709435514125,180.170943551413
5,138,38.933737198980,3.893373719898
5,139,41.306399047984,4.130639904798
5,140,47.766559108358,4.776655910836
5,141,49.650561849239,4.965056184924
5,142,67.464562678255,6.746456267825
5,143,97.000408434982,9.700040843498
5,144,44.621127912120,4.462112791212
5,145,138.606606804135,13.860660680413
5,146,40.539209499807,4.053920949981
5,147,54.952946427354,5.495294642735
5,148,297.521581550456,29.752158155046
5,149,1177.026445459915,117.702644545992
5,150,654.542398511623,65.454239851162
5,151,553.191519217884,55.319151921788
5,152,247.923994969925,24.792399496992
5,153,194.275474273023,19.427547427302
5,154,132.975211015663,13.297521101566
5,155,372.613007449841,37.261300744984
5,156,401.425645603910,40.142564560391
5,157,188.977225310682,18.897722531068
5,158,494.390086912936,49.439008691294
5,159,343.852556828143,34.385255682814
5,160,981.345452626439,98.134545262644
5,161,161.817651861173,16.181765186117
5,162,58.388855398100,5.838885539810
5,163,61.413566000593,6.141356600059
5,164,51.647998622742,5.164799862274
5,165,1505.958291382539,150.595829138254
5,166,483.715603090830,48.371560309083
5,167,2009.897777693345,200.989777769335
5,168,127.995863980679,12.799586398068
5,169,36.071431571432,3.607143157143
5,170,158.504761048490,15.850476104849
5,171,44.371349848391,4.437134984839
5,172,467.957397168997,46.795739716900
5,173,48.559612666288,4.855961266629
5,174,352.124116596943,35.212411659694
5,175,159.652821115920,15.965282111592
5,176,462.639848666382,46.263984866638
5,177,591.532813046260,59.153281304626
5,178,668.643535402518,66.864353540252
5,179,356.891562557101,35.689156255710
5,180,333.799137463575,33.379913746357
5,181,302.610423936372,30.261042393637
5,182,546.312546004660,54.631254600466
5,183,247.135799119409,24.713579911941
5,184,488.295239579148,48.829523957915
5,185,279.053234403632,27.905323440363
5,186,417.870626322785,41.787062632278
5,187,57.752758305448,5.775275830545
5,188,52.745643564562,5.274564356456
5,189,96.281992895044,9.628199289504
5,190,172.766661796954,17.276666179695
5,191,240.454875950408,24.045487595041
5,192,120.108719544649,12.010871954465
5,193,34.259834928921,3.425983492892
6,1,60.790475317408,6.079047531741
6,2,73.473121802323,7.347312180232
6,3,336.976293053344,33.697629305334
6,4,78.157154123183,7.815715412318
6,5,88.256434259566,8.825643425957
6,6,75.092199762055,7.509219976205
6,7,506.685095065741,50.668509506574
6,8,1156.593287280073,115.659328728007
6,9,292.813887100659,29.281388710066
6,10,643.300556035564,64.330055603556
6,11,532.833884620195,53.283388462019
6,12,292.372344178241,29.237234417824
6,13,315.126134543369,31.512613454337
6,14,337.949480351077,33.794948035108
6,15,99.972044163215,9.997204416322
6,16,430.683505330992,43.068350533099
6,17,464.409519538483,46.440951953848
6,18,484.862811079323,48.486281107932
6,19,456.466261822612,45.646626182261
6,20,235.727844357295,23.572784435729
6,21,711.531042682310,71.153104268231
6,22,574.578273804216,57.457827380422
6,23,336.238272510676,33.623827251068
6,24,550.092598722058,55.009259872206
6,25,444.844941093709,44.484494109371
6,26,525.045114580645,52.504511458065
6,27,29.907466213069,2.990746621307
6,28,119.033703387228,11.903370338723
6,29,578.885607458156,57.888560745816
6,30,449.783181217413,44.978318121741
6,31,365.803196163158,36.580319616316
6,32,150.821718442951,15.082171844295
6,33,434.921676141280,43.492167614128
6,34,972.656896586382,97.265689658638
6,35,592.550863614964,59.255086361496
6,36,683.575120283865,68.357512028386
6,37,838.049709975603,83.804970997560
6,38,339.419697885719,33.941969788572
6,39,654.836159332874,65.483615933287
6,40,992.620093804618,99.262009380462
6,41,179.354434092893,17.935443409289
6,42,1094.602179022029,109.460217902203
6,43,570.517688573573,57.051768857357
6,44,176.020811201915,17.602081120192
6,45,322.285437642545,32.228543764255
6,46,1013.863883277547,101.386388327755
6,47,2567.961224815521,256.796122481552
6,48,179.126726717375,17.912672671738
6,49,366.480691038481,36.648069103848
6,50,435.809800338961,43.580980033896
6,51,1745.963707017304,174.596370701730
6,52,401.797516083223,40.179751608322
6,53,833.889339185283,83.388933918528
6,54,358.287740407384,35.828774040738
6,55,1042.913259110566,104.291325911057
6,56,144.897727855971,14.489772785597
6,57,1642.126591887258,164.212659188726
6,58,1229.250653952921,122.925065395292
6,59,111.619734453132,11.161973445313
6,60,162.552574271455,16.255257427146
6,61,778.211679646141,77.821167964614
6,62,915.956974884099,91.595697488410
6,63,126.900731478822,12.690073147882
6,64,462.387046185052,46.238704618505
6,65,109.963163296225,10.996316329623
6,66,31.765440617633,3.176544061763
6,67,25.167684845099,2.516768484510
6,68,39.735656792905,3.973565679290
6,69,41.346882774169,4.134688277417
6,70,228.047693353196,22.804769335320
6,71,257.186254574962,25.718625457496
6,72,89.791496049707,8.979149604971
6,73,291.595260042704,29.159526004270
6,74,82.925398913091,8.292539891309
6,75,172.095999765585,17.209599976558
6,76,76.611099563188,7.661109956319
6,77,315.939141480391,31.593914148039
6,78,76.465576228948,7.646557622895
6,79,139.384134010158,13.938413401016
6,80,36.985174169349,3.698517416935
6,81,201.876721959577,20.187672195958
6,82,87.777267273665,8.777726727367
6,83,230.834033345082,23.083403334508
6,84,336.718944459114,33.671894445911
6,85,217.405645205337,21.740564520534
6,86,212.898740432046,21.289874043205
6,87,48.705037228001,4.870503722800
6,88,13.695093674978,1.369509367498
6,89,73.875143099794,7.387514309979
6,90,147.950380784168,14.795038078417
6,91,49.526746774488,4.952674677449
6,92,25.136211498081,2.513621149808
6,93,98.000935835582,9.800093583558
6,94,36.225233520127,3.622523352013
6,95,55.666274170365,5.566627417037
6,96,144.017979101987,14.401797910199
6,97,44.812026304458,4.481202630446
6,98,231.033080999199,23.103308099920
6,99,741.254903465578,74.125490346558
6,100,173.711413468697,17.371141346870
6,101,270.915177190499,27.091517719050
6,102,79.756471270440,7.975647127044
6,103,83.611661831037,8.361166183104
6,104,176.631825992893,17.663182599289
6,105,118.408424168702,11.840842416870
6,106,140.134194253143,14.013419425314
6,107,26.607933995263,2.660793399526
6,108,727.337140767931,72.733714076793
6,109,380.883182540111,38.088318254011
6,110,222.896730046213,22.289673004621
6,111,141.152006961822,14.115200696182
6,112,26.095396100881,2.609539610088
6,113,554.696671728868,55.469667172887
6,114,61.357519028976,6.135751902898
6,115,26.755616623581,2.675561662358
6,116,37.770110283353,3.777011028335
6,117,228.061238016050,22.806123801605
6,118,82.827903513803,8.282790351380
6,119,83.442713427707,8.344271342771
6,120,34.213491203933,3.421349120393
6,121,79.620959208744,7.962095920874
6,122,65.934044678001,6.593404467800
6,123,53.626133865384,5.362613386538
6,124,104.215776791580,10.421577679158
6,125,22.195514696181,2.219551469618
6,126,369.764453866200,36.976445386620
6,127,291.372263854262,29.137226385426
6,128,440.234782803588,44.023478280359
6,129,52.106710599021,5.210671059902
6,130,65.916508592761,6.591650859276
6,131,168.921641171160,16.892164117116
6,132,90.677853552234,9.067785355223
6,133,271.403635684250,27.140363568425
6,134,618.341079486123,61.834107948612
6,135,131.227564212622,13.122756421262
6,136,150.905407446769,15.090540744677
6,137,1795.903402425961,179.590340242596
6,138,38.808272702892,3.880827270289
6,139,41.173288616912,4.117328861691
6,140,47.612630723890,4.761263072389
6,141,49.490562240389,4.949056224039
6,142,67.247157210165,6.724715721017
6,143,96.687823303418,9.668782330342
6,144,44.477335722336,4.447733572234
6,145,138.159945134123,13.815994513412
6,146,40.408571347458,4.040857134746
6,147,54.775859812298,5.477585981230
6,148,296.562814219346,29.656281421935
6,149,1173.233461778264,117.323346177826
6,150,652.433126756446,65.243312675645
6,151,551.408852045608,55.140885204561
6,152,247.125056534142,24.712505653414
6,153,193.649418922691,19.364941892269
6,154,132.546696594945,13.254669659494
6,155,371.412256980486,37.141225698049
6,156,400.132046017389,40.013204601739
6,157,188.368243639477,18.836824363948
6,158,492.796908153645,49.279690815365
6,159,342.744487300925,34.274448730092
6,160,978.183053597740,97.818305359774
6,161,161.296192283709,16.129619228371
6,162,58.200696519793,5.820069651979
6,163,61.215659951353,6.121565995135
6,164,51.481562246803,5.148156224680
6,165,1501.105320366896,150.110532036690
6,166,482.156823000406,48.215682300041
6,167,2003.420854849355,200.342085484936
6,168,127.583395573304,12.758339557330
6,169,35.955190894045,3.595519089404
6,170,157.993977306595,15.799397730659
6,171,44.228362571804,4.422836257180
6,172,466.449398110849,46.644939811085
6,173,48.403128655975,4.840312865598
6,174,350.989391856204,35.098939185620
6,175,159.138337734890,15.913833773489
6,176,461.148985480393,46.114898548039
6,177,589.626590534691,58.962659053469
6,178,666.488822542491,66.648882254249
6,179,355.741474657104,35.574147465710
6,180,332.723465216591,33.272346521659
6,181,301.635257741665,30.163525774167
6,182,544.552046416846,54.455204641685
6,183,246.339400655443,24.633940065544
6,184,486.721701548038,48.672170154804
6,185,278.153981571644,27.815398157164
6,186,416.524032562892,41.652403256289
6,187,57.566649258648,5.756664925865
6,188,52.575670012915,5.257567001291
6,189,95.971722867301,9.597172286730
6,190,172.209918886498,17.220991888650
6,191,239.680006851951,23.968000685195
6,192,119.721667567174,11.972166756717
6,193,34.149432146279,3.414943214628
7,1,60.866158238487,6.086615823849
7,2,73.564594363604,7.356459436360
7,3,337.395821771603,33.739582177160
7,4,78.254458210645,7.825445821065
7,5,88.366311748000,8.836631174800
7,6,75.185688042883,7.518568804288
7,7,507.315907834699,50.731590783470
7,8,1158.033222697972,115.803322269797
7,9,293.178434510301,29.317843451030
7,10,644.101452310145,64.410145231015
7,11,533.497252107072,53.349725210707
7,12,292.736341875813,29.273634187581
7,13,315.518460253041,31.551846025304
7,14,338.370220667981,33.837022066798
7,15,100.096507350728,10.009650735073
7,16,431.219697646867,43.121969764687
7,17,464.987700064816,46.498770006482
7,18,485.466455542916,48.546645554292
7,19,457.034553152592,45.703455315259
7,20,236.021320790030,23.602132079003
7,21,712.416884542677,71.241688454268
7,22,575.293612217386,57.529361221739
7,23,336.656882408179,33.665688240818
7,24,550.777452961431,55.077745296143
7,25,445.398764112742,44.539876411274
7,26,525.698785205223,52.569878520522
7,27,29.944700407952,2.994470040795
7,28,119.181897957709,11.918189795771
7,29,579.606308415233,57.960630841523
7,30,450.343152246238,45.034315224624
7,31,366.258613796936,36.625861379694
7,32,151.009488453864,15.100948845386
7,33,435.463144894709,43.546314489471
7,34,973.867834891370,97.386783489137
7,35,593.288577541553,59.328857754155
7,36,684.426157582211,68.442615758221
7,37,839.093065036216,83.909306503622
7,38,339.842268593930,33.984226859393
7,39,655.651417201923,65.565141720192
7,40,993.855885889275,99.385588588927
7,41,179.577726761844,17.957772676184
7,42,1095.964936754949,109.596493675495
7,43,571.227971639669,57.122797163967
7,44,176.239953577306,17.623995357731
7,45,322.686676540814,32.268667654081
7,46,1015.126123453514,101.512612345351
7,47,2571.158284974931,257.115828497493
7,48,179.349735895216,17.934973589522
7,49,366.936952139774,36.693695213977
7,50,436.352374789183,43.635237478918
7,51,1748.137396773028,174.813739677303
7,52,402.297745922524,40.229774592252
7,53,834.927514667802,83.492751466780
7,54,358.733801449659,35.873380144966
7,55,1044.211665176125,104.421166517613
7,56,145.078122617558,14.507812261756
7,57,1644.171006519728,164.417100651973
7,58,1230.781046333344,123.078104633334
7,59,111.758698781167,11.175869878117
7,60,162.754948962315,16.275494896232
7,61,779.180537560560,77.918053756056
7,62,917.097322925120,91.709732292512
7,63,127.058720341306,12.705872034131
7,64,462.962708772671,46.296270877267
7,65,110.100065226433,11.010006522643
7,66,31.804987953342,3.180498795334
7,67,25.199018107356,2.519901810736
7,68,39.785126887707,3.978512688771
7,69,41.398358812965,4.139835881296
7,70,228.331608152150,22.833160815215
7,71,257.506446297524,25.750644629752
7,72,89.903284659247,8.990328465925
7,73,291.958290286130,29.195829028613
7,74,83.028639369570,8.302863936957
7,75,172.310255829550,17.231025582955
7,76,76.706478843769,7.670647884377
7,77,316.332479367375,31.633247936738
7,78,76.560774335899,7.656077433590
7,79,139.557664458122,13.955766445812
7,80,37.031219968515,3.703121996852
7,81,202.128054424667,20.212805442467
7,82,87.886548208825,8.788654820882
7,83,231.121417081374,23.112141708137
7,84,337.138152783541,33.713815278354
7,85,217.676310868043,21.767631086804
7,86,213.163795088809,21.316379508881
7,87,48.765674021337,4.876567402134
7,88,13.712143791602,1.371214379160
7,89,73.967116169517,7.396711616952
7,90,148.134576037353,14.813457603735
7,91,49.588406579710,4.958840657971
7,92,25.167505576653,2.516750557665
7,93,98.122945032807,9.812294503281
7,94,36.270333208447,3.627033320845
7,95,55.735577563911,5.573557756391
7,96,144.197278594042,14.419727859404
7,97,44.867816377367,4.486781637737
7,98,231.320712545825,23.132071254582
7,99,742.177750935757,74.217775093576
7,100,173.927680690285,17.392768069029
7,101,271.252461146038,27.125246114604
7,102,79.855766475637,7.985576647564
7,103,83.715756671069,8.371575667107
7,104,176.851729069431,17.685172906943
7,105,118.555840279113,11.855584027911
7,106,140.308658511048,14.030865851105
7,107,26.641060338791,2.664106033879
7,108,728.242660903023,72.824266090302
7,109,381.357374454117,38.135737445412
7,110,223.174231999283,22.317423199928
7,111,141.327738376112,14.132773837611
7,112,26.127884345023,2.612788434502
7,113,555.387257946683,55.538725794668
7,114,61.433907908088,6.143390790809
7,115,26.788926829016,2.678892682902
7,116,37.817133312220,3.781713331222
7,117,228.345169677837,22.834516967784
7,118,82.931022590466,8.293102259047
7,119,83.546597930367,8.354659793037
7,120,34.256086313465,3.425608631346
7,121,79.720085704146,7.972008570415
7,122,66.016131239648,6.601613123965
7,123,53.692897325217,5.369289732522
7,124,104.345523341000,10.434552334100
7,125,22.223147666284,2.222314766628
7,126,370.224803186275,37.022480318628
7,127,291.735016471912,29.173501647191
7,128,440.782866268122,44.078286626812
7,129,52.171582407397,5.217158240740
7,130,65.998573322333,6.599857332233
7,131,169.131945222417,16.913194522242
7,132,90.790745659065,9.079074565907
7,133,271.741527760806,27.174152776081
7,134,619.110901713596,61.911090171360
7,135,131.390939894974,13.139093989497
7,136,151.093281648811,15.109328164881
7,137,1798.139266099664,179.813926609966
7,138,38.856588223125,3.885658822312
7,139,41.224548534467,4.122454853447
7,140,47.671907493064,4.767190749306
7,141,49.552176996592,4.955217699659
7,142,67.330878570548,6.733087857055
7,143,96.808197701909,9.680819770191
7,144,44.532709112191,4.453270911219
7,145,138.331951491519,13.833195149152
7,146,40.458879207369,4.045887920737
7,147,54.844054657847,5.484405465785
7,148,296.932028967973,29.693202896797
7,149,1174.694113879272,117.469411387927
7,150,653.245392898192,65.324539289819
7,151,552.095344993937,55.209534499394
7,152,247.432722267176,24.743272226718
7,153,193.890508560707,19.389050856071
7,154,132.711714570624,13.271171457062
7,155,371.874657782349,37.187465778235
7,156,400.630202379900,40.063020237990
7,157,188.602758320314,18.860275832031
7,158,493.410430408776,49.341043040878
7,159,343.171197305195,34.317119730520
7,160,979.400871857239,97.940087185724
7,161,161.497002804223,16.149700280422
7,162,58.273155218272,5.827315521827
7,163,61.291872218763,6.129187221876
7,164,51.545655758034,5.154565575803
7,165,1502.974166348075,150.297416634807
7,166,482.757098563178,48.275709856318
7,167,2005.915073584308,200.591507358431
7,168,127.742234338876,12.774223433888
7,169,35.999954384716,3.599995438472
7,170,158.190676635772,15.819067663577
7,171,44.283425995085,4.428342599509
7,172,467.030118245043,46.703011824504
7,173,48.463389579202,4.846338957920
7,174,351.426366601084,35.142636660108
7,175,159.336461769821,15.933646176982
7,176,461.723106707296,46.172310670730
7,177,590.360663800016,59.036066380002
7,178,667.318587743246,66.731858774325
7,179,356.184365649649,35.618436564965
7,180,333.137699249591,33.313769924959
7,181,302.010787580621,30.201078758062
7,182,545.230002779855,54.523000277986
7,183,246.646088262686,24.664608826269
7,184,487.327660292939,48.732766029294
7,185,278.500277693278,27.850027769328
7,186,417.042596619496,41.704259661950
7,187,57.638318581018,5.763831858102
7,188,52.641125666343,5.264112566634
7,189,96.091205735128,9.609120573513
7,190,172.424316777482,17.242431677748
7,191,239.978403647630,23.997840364763
7,192,119.870718639245,11.987071863924
7,193,34.191947503571,3.419194750357
8,1,61.687684139864,6.168768413986
8,2,74.557514262660,7.455751426266
8,3,341.949738342384,34.194973834238
8,4,79.310678385844,7.931067838584
8,5,89.559014162794,8.955901416279
8,6,76.200488252520,7.620048825252
8,7,514.163278697736,51.416327869774
8,8,1173.663489411617,117.366348941162
8,9,297.135537844011,29.713553784401
8,10,652.795052193919,65.279505219392
8,11,540.697999182361,54.069799918236
8,12,296.687478173643,29.668747817364
8,13,319.777092553196,31.977709255320
8,14,342.937288946621,34.293728894662
8,15,101.447535176468,10.144753517647
8,16,437.039978753046,43.703997875305
8,17,471.263756423238,47.126375642324
8,18,492.018918833205,49.201891883320
8,19,463.203263879633,46.320326387963
8,20,239.206960132448,23.920696013245
8,21,722.032555059248,72.203255505925
8,22,583.058495315182,58.305849531518
8,23,341.200825327852,34.120082532785
8,24,558.211435269462,55.821143526946
8,25,451.410423658044,45.141042365804
8,26,532.794274404275,53.279427440428
8,27,30.348871587900,3.034887158790
8,28,120.790526117942,12.079052611794
8,29,587.429401062208,58.742940106221
8,30,456.421547446223,45.642154744622
8,31,371.202098757132,37.120209875713
8,32,153.047701636838,15.304770163684
8,33,441.340700879510,44.134070087951
8,34,987.012374879374,98.701237487937
8,35,601.296343228558,60.129634322856
8,36,693.664030191669,69.366403019167
8,37,850.418515936086,85.041851593609
8,38,344.429205474996,34.442920547500
8,39,664.500909877245,66.450090987725
8,40,1007.270209646915,100.727020964691
8,41,182.001532668361,18.200153266836
8,42,1110.757452146149,111.075745214615
8,43,578.937979760352,57.893797976035
8,44,178.618708716642,17.861870871664
8,45,327.042060065582,32.704206006558
8,46,1028.827536976523,102.882753697652
8,47,2605.861857350450,260.586185735045
8,48,181.770464551457,18.177046455146
8,49,371.889592803807,37.188959280381
8,50,442.241932934326,44.224193293433
8,51,1771.732448476294,177.173244847629
8,52,407.727660145898,40.772766014590
8,53,846.196742082897,84.619674208290
8,54,363.575722118217,36.357572211822
8,55,1058.305653597439,105.830565359744
8,56,147.036278658664,14.703627865866
8,57,1666.362797610894,166.636279761089
8,58,1247.393208785359,124.739320878536
8,59,113.267134148374,11.326713414837
8,60,164.951693590522,16.495169359052
8,61,789.697333954171,78.969733395417
8,62,929.475616983292,92.947561698329
8,63,128.773663961492,12.877366396149
8,64,469.211433312482,46.921143331248
8,65,111.586113597886,11.158611359789
8,66,32.234267903858,3.223426790386
8,67,25.539135615404,2.553913561540
8,68,40.322116787739,4.032211678774
8,69,41.957122911499,4.195712291150
8,70,231.413457502084,23.141345750208
8,71,260.982075802123,26.098207580212
8,72,91.116731985380,9.111673198538
8,73,295.898925025261,29.589892502526
8,74,84.149297872954,8.414929787295
8,75,174.635970846462,17.463597084646
8,76,77.741805550717,7.774180555072
8,77,320.602098688987,32.060209868899
8,78,77.594134432327,7.759413443233
8,79,141.441309481995,14.144130948199
8,80,37.531039691727,3.753103969173
8,81,204.856227795728,20.485622779573
8,82,89.072775134030,8.907277513403
8,83,234.240921186621,23.424092118662
8,84,341.688591530951,34.168859153095
8,85,220.614342980958,22.061434298096
8,86,216.040920637218,21.604092063722
8,87,49.423876632872,4.942387663287
8,88,13.897220057531,1.389722005753
8,89,74.965469006990,7.496546900699
8,90,150.133985801766,15.013398580177
8,91,50.257713820257,5.025771382026
8,92,25.507197752119,2.550719775212
8,93,99.447335189782,9.944733518978
8,94,36.759883050997,3.675988305100
8,95,56.487854722880,5.648785472288
8,96,146.143545661022,14.614354566102
8,97,45.473408620397,4.547340862040
8,98,234.442906592261,23.444290659226
8,99,752.195111378173,75.219511137817
8,100,176.275226498807,17.627522649881
8,101,274.913624082770,27.491362408277
8,102,80.933599912685,8.093359991268
8,103,84.845689370110,8.484568937011
8,104,179.238741497006,17.923874149701
8,105,120.156018380831,12.015601838083
8,106,142.202439891216,14.220243989122
8,107,27.000641454831,2.700064145483
8,108,738.071935917820,73.807193591782
8,109,386.504651198082,38.650465119808
8,110,226.186470941474,22.618647094147
8,111,143.235274534452,14.323527453445
8,112,26.480538995142,2.648053899514
8,113,562.883459956191,56.288345995619
8,114,62.263096870066,6.226309687007
8,115,27.150503736398,2.715050373640
8,116,38.327560706209,3.832756070621
8,117,231.427202071106,23.142720207111
8,118,84.050363535542,8.405036353554
8,119,84.674247451187,8.467424745119
8,120,34.718449357244,3.471844935724
8,121,80.796087823573,8.079608782357
8,122,66.907167626563,6.690716762656
8,123,54.417603913398,5.441760391340
8,124,105.753901208083,10.575390120808
8,125,22.523099099830,2.252309909983
8,126,375.221820805792,37.522182080579
8,127,295.672637628014,29.567263762801
8,128,446.732223875086,44.673222387509
8,129,52.875755424126,5.287575542413
8,130,66.889372725605,6.688937272560
8,131,171.414761778807,17.141476177881
8,132,92.016171270324,9.201617127032
8,133,275.409291753084,27.540929175308
8,134,627.467197827937,62.746719782794
8,135,133.164356576001,13.316435657600
8,136,153.132625809688,15.313262580969
8,137,1822.409205654537,182.240920565454
8,138,39.381045402423,3.938104540242
8,139,41.780966671801,4.178096667180
8,140,48.315347261682,4.831534726168
8,141,50.220995237311,5.022099523731
8,142,68.239660434051,6.823966043405
8,143,98.114842382294,9.811484238229
8,144,45.133778327877,4.513377832788
8,145,140.199052758090,14.019905275809
8,146,41.004962912526,4.100496291253
8,147,55.584298707119,5.558429870712
8,148,300.939795513547,30.093979551355
8,149,1190.549256846678,119.054925684668
8,150,662.062410856165,66.206241085616
8,151,559.547115223390,55.954711522339
8,152,250.772384175760,25.077238417576
8,153,196.507497695947,19.650749769595
8,154,134.502958080834,13.450295808083
8,155,376.893943905800,37.689394390580
8,156,406.037609347163,40.603760934716
8,157,191.148377355843,19.114837735584
8,158,500.070115533020,50.007011553302
8,159,347.803065577354,34.780306557735
8,160,992.620092641803,99.262009264180
8,161,163.676768615608,16.367676861561
8,162,59.059682703369,5.905968270337
8,163,62.119144089189,6.211914408919
8,164,52.241380484783,5.224138048478
8,165,1523.260188047009,152.326018804701
8,166,489.272992978424,48.927299297842
8,167,2032.989415658879,203.298941565888
8,168,129.466403520019,12.946640352002
8,169,36.485854856035,3.648585485604
8,170,160.325816128289,16.032581612829
8,171,44.881130573616,4.488113057362
8,172,473.333741637183,47.333374163718
8,173,49.117512181320,4.911751218132
8,174,356.169656976972,35.616965697697
8,175,161.487066213506,16.148706621351
8,176,467.955100025133,46.795510002513
8,177,598.328910696198,59.832891069620
8,178,676.325555164353,67.632555516435
8,179,360.991875939695,36.099187593970
8,180,337.634142865871,33.763414286587
8,181,306.087103413153,30.608710341315
8,182,552.589109752517,55.258910975252
8,183,249.975132773550,24.997513277355
8,184,493.905244733537,49.390524473354
8,185,282.259266239417,28.225926623942
8,186,422.671525814574,42.267152581457
8,187,58.416277515778,5.841627751578
8,188,53.351636226960,5.335163622696
8,189,97.388172993957,9.738817299396
8,190,174.751571303799,17.475157130380
8,191,243.217452736211,24.321745273621
8,192,121.488643986087,12.148864398609
8,193,34.653444849643,3.465344484964
9,1,63.762861008130,6.376286100813
9,2,77.065632878402,7.706563287840
9,3,353.452945133362,35.345294513336
9,4,81.978693687239,8.197869368724
9,5,92.571784006995,9.257178400700
9,6,78.763876597811,7.876387659781
9,7,531.459757846567,53.145975784657
9,8,1213.145589579812,121.314558957981
9,9,307.131192624556,30.713119262456
9,10,674.755111335696,67.475511133570
9,11,558.887107693491,55.888710769349
9,12,306.668060203823,30.666806020382
9,13,330.534410399053,33.053441039905
9,14,354.473716990733,35.447371699073
9,15,104.860235479227,10.486023547923
9,16,451.742026123783,45.174202612378
9,17,487.117093435596,48.711709343560
9,18,508.570460576877,50.857046057688
9,19,478.785445508114,47.878544550811
9,20,247.253894578380,24.725389457838
9,21,746.321767359648,74.632176735965
9,22,602.672613095647,60.267261309565
9,23,352.678838646489,35.267883864649
9,24,576.989696671621,57.698969667162
9,25,466.595893534737,46.659589353474
9,26,550.717501207228,55.071750120723
9,27,31.369809189551,3.136980918955
9,28,124.853925631160,12.485392563116
9,29,607.190556336883,60.719055633688
9,30,471.775591784972,47.177559178497
9,31,383.689356457480,38.368935645748
9,32,158.196234194126,15.819623419413
9,33,456.187424763851,45.618742476385
9,34,1020.215521951600,102.021552195160
9,35,621.523983151157,62.152398315116
9,36,716.998923855978,71.699892385598
9,37,879.026638565775,87.902663856578
9,38,356.015821667881,35.601582166788
9,39,686.854754673748,68.685475467375
9,40,1041.154831322976,104.115483132298
9,41,188.124073591211,18.812407359121
9,42,1148.123389984251,114.812338998425
9,43,598.413483185554,59.841348318555
9,44,184.627451267711,18.462745126771
9,45,338.043771792336,33.804377179234
9,46,1063.437348253065,106.343734825306
9,47,2693.523184301983,269.352318430198
9,48,187.885232330965,18.788523233097
9,49,384.399977839257,38.439997783926
9,50,457.118974311359,45.711897431136
9,51,1831.333619197768,183.133361919777
9,52,421.443639610586,42.144363961059
9,53,874.662844022957,87.466284402296
9,54,375.806428116059,37.580642811606
9,55,1093.907110233744,109.390711023374
9,56,151.982586637683,15.198258663768
9,57,1722.419327856042,172.241932785604
9,58,1289.355580506643,128.935558050664
9,59,117.077446368662,11.707744636866
9,60,170.500677049587,17.050067704959
9,61,816.262792897915,81.626279289792
9,62,960.743224559657,96.074322455966
9,63,133.105616642495,13.310561664250
9,64,484.995730069802,48.499573006980
9,65,115.339876200368,11.533987620037
9,66,33.318630334580,3.331863033458
9,67,26.398273451482,2.639827345148
9,68,41.678554871032,4.167855487103
9,69,43.368562684914,4.336856268491
9,70,239.198218118558,23.919821811856
9,71,269.761526259501,26.976152625950
9,72,94.181903537278,9.418190353728
9,73,305.852980086959,30.585298008696
9,74,86.980084582838,8.698008458284
9,75,180.510733890668,18.051073389067
9,76,80.357043889219,8.035704388922
9,77,331.387169783699,33.138716978370
9,78,80.204405106809,8.020440510681
9,79,146.199402410052,14.619940241005
9,80,38.793585797910,3.879358579791
9,81,211.747601838525,21.174760183852
9,82,92.069187872286,9.206918787229
9,83,242.120797826914,24.212079782691
9,84,353.183013329756,35.318301332976
9,85,228.035820829334,22.803582082933
9,86,223.308548322649,22.330854832265
9,87,51.086498385634,5.108649838563
9,88,14.364723255272,1.436472325527
9,89,77.487311241320,7.748731124132
9,90,155.184500808454,15.518450080845
9,91,51.948385898903,5.194838589890
9,92,26.365261196833,2.636526119683
9,93,102.792748662081,10.279274866208
9,94,37.996487408109,3.799648740811
9,95,58.388109062029,5.838810906203
9,96,151.059822056070,15.105982205607
9,97,47.003136425970,4.700313642597
9,98,242.329578031992,24.232957803199
9,99,777.498993624990,77.749899362499
9,100,182.205134187498,18.220513418750
9,101,284.161732541080,28.416173254108
9,102,83.656210377741,8.365621037774
9,103,87.699902725788,8.769990272579
9,104,185.268341982707,18.526834198271
9,105,124.198073021127,12.419807302113
9,106,146.986137285400,14.698613728540
9,107,27.908944422541,2.790894442254
9,108,762.900713815519,76.290071381552
9,109,399.506687549853,39.950668754985
9,110,233.795395461123,23.379539546112
9,111,148.053716539172,14.805371653917
9,112,27.371345689349,2.737134568935
9,113,581.818888509185,58.181888850919
9,114,64.357630652180,6.435763065218
9,115,28.063848078972,2.806384807897
9,116,39.616901820300,3.961690182030
9,117,239.212425055589,23.921242505559
9,118,86.877822089226,8.687782208923
9,119,87.522693491892,8.752269349189
9,120,35.886379779868,3.588637977987
9,121,83.514072374875,8.351407237487
9,122,69.157928187860,6.915792818786
9,123,56.248214908802,5.624821490880
9,124,109.311467885708,10.931146788571
9,125,23.280777312349,2.328077731235
9,126,387.844302162670,38.784430216267
9,127,305.619080370027,30.561908037003
9,128,461.760318870390,46.176031887039
9,129,54.654498557025,5.465449855702
9,130,69.139534665519,6.913953466552
9,131,177.181163184249,17.718116318425
9,132,95.111600006043,9.511160000604
9,133,284.674074497326,28.467407449733
9,134,648.575226645735,64.857522664574
9,135,137.644012382456,13.764401238246
9,136,158.284015220522,15.828401522052
9,137,1883.715145094780,188.371514509478
9,138,40.705825795896,4.070582579590
9,139,43.186480540250,4.318648054025
9,140,49.940678029365,4.994067802937
9,141,51.910432100939,5.191043210094
9,142,70.535246121948,7.053524612195
9,143,101.415430727993,10.141543072799
9,144,46.652080952936,4.665208095294
9,145,144.915356106043,14.491535610604
9,146,42.384371974588,4.238437197459
9,147,57.454157375410,5.745415737541
9,148,311.063425717821,31.106342571782
9,149,1230.599395100152,123.059939510015
9,150,684.334224420140,68.433422442014
9,151,578.370308967919,57.837030896792
9,152,259.208380081543,25.920838008154
9,153,203.118020028649,20.311802002865
9,154,139.027644510781,13.902764451078
9,155,389.572675569793,38.957267556979
9,156,419.696735416029,41.969673541603
9,157,197.578618604580,19.757861860458
9,158,516.892499947904,51.689249994790
9,159,359.503178597668,35.950317859767
9,160,1026.011883628071,102.601188362807
9,161,169.182863532922,16.918286353292
9,162,61.046453468101,6.104645346810
9,163,64.208835292348,6.420883529235
9,164,53.998783212084,5.399878321208
9,165,1574.502739143871,157.450273914387
9,166,505.732161635065,50.573216163507
9,167,2101.379284197913,210.137928419791
9,168,133.821659995413,13.382165999541
9,169,37.713240890571,3.771324089057
9,170,165.719184831526,16.571918483153
9,171,46.390934115223,4.639093411522
9,172,489.256713058639,48.925671305864
9,173,50.769827818169,5.076982781817
9,174,368.151222562426,36.815122256243
9,175,166.919499429357,16.691949942936
9,176,483.697133666029,48.369713366603
9,177,618.456726035735,61.845672603574
9,178,699.077181636686,69.907718163669
9,179,373.135661219154,37.313566121915
9,180,348.992172802984,34.899217280298
9,181,316.383889319997,31.638388932000
9,182,571.178235835020,57.117823583502
9,183,258.384309101147,25.838430910115
9,184,510.520242577547,51.052024257755
9,185,291.754482477807,29.175448247781
9,186,436.890217689211,43.689021768921
9,187,60.381404096897,6.038140409690
9,188,55.146388014549,5.514638801455
9,189,100.664316144045,10.066431614404
9,190,180.630223153338,18.063022315334
9,191,251.399300359672,25.139930035967
9,192,125.575528220307,12.557552822031
9,193,35.819188517287,3.581918851729
10,1,66.463032321425,6.646303232142
10,2,80.329137806650,8.032913780665
10,3,368.420647146093,36.842064714609
10,4,85.450252420581,8.545025242058
10,5,96.491929239569,9.649192923957
10,6,82.099297197683,8.209929719768
10,7,553.965529539045,55.396552953904
10,8,1264.518769328075,126.451876932808
10,9,320.137303433124,32.013730343312
10,10,703.329023583701,70.332902358370
10,11,582.554347709152,58.255434770915
10,12,319.654558704272,31.965455870427
10,13,344.531579266722,34.453157926672
10,14,369.484645716367,36.948464571637
10,15,109.300760814349,10.930076081435
10,16,470.871984232059,47.087198423206
10,17,507.745082536381,50.774508253638
10,18,530.106937245701,53.010693724570
10,19,499.060613603529,49.906061360353
10,20,257.724376339792,25.772437633979
10,21,777.926318894051,77.792631889405
10,22,628.194041642935,62.819404164294
10,23,367.613759505799,36.761375950580
10,24,601.423528566664,60.142352856666
10,25,486.354869633117,48.635486963312
10,26,574.038782200248,57.403878220025
10,27,32.698229174758,3.269822917476
10,28,130.141125468361,13.014112546836
10,29,632.903306611934,63.290330661193
10,30,491.753913006917,49.175391300692
10,31,399.937482359346,39.993748235935
10,32,164.895383615729,16.489538361573
10,33,475.505632547476,47.550563254748
10,34,1063.418675671461,106.341867567146
10,35,647.843712273974,64.784371227397
10,36,747.361738435655,74.736173843566
10,37,916.250854599230,91.625085459923
10,38,371.092054031802,37.109205403180
10,39,715.941051550140,71.594105155014
10,40,1085.244703762651,108.524470376265
10,41,196.090579780236,19.609057978024
10,42,1196.743069100650,119.674306910065
10,43,623.754549995288,62.375454999529
10,44,192.445885692985,19.244588569299
10,45,352.358940227382,35.235894022738
10,46,1108.470820337602,110.847082033760
10,47,2807.586040311861,280.758604031186
10,48,195.841624288774,19.584162428877
10,49,400.678196485385,40.067819648539
10,50,476.476630503121,47.647663050312
10,51,1908.885260160063,190.888526016006
10,52,439.290549361111,43.929054936111
10,53,911.702266076729,91.170226607673
10,54,391.720734979134,39.172073497913
10,55,1140.230887927570,114.023088792757
10,56,158.418606196266,15.841860619627
10,57,1795.358766033846,179.535876603385
10,58,1343.956031240456,134.395603124046
10,59,122.035334975294,12.203533497529
10,60,177.720883762206,17.772088376221
10,61,850.829143005892,85.082914300589
10,62,1001.427899829608,100.142789982961
10,63,138.742251542719,13.874225154272
10,64,505.533885615210,50.553388561521
10,65,120.224183774891,12.022418377489
10,66,34.729577215026,3.472957721503
10,67,27.516163388778,2.751616338878
10,68,43.443520188821,4.344352018882
10,69,45.205094907735,4.520509490773
10,70,249.327565461876,24.932756546188
10,71,281.185140619337,28.118514061934
10,72,98.170232638924,9.817023263892
10,73,318.804962320182,31.880496232018
10,74,90.663437642994,9.066343764299
10,75,188.154837334071,18.815483733407
10,76,83.759930480258,8.375993048026
10,77,345.420450525760,34.542045052576
10,78,83.600827890311,8.360082789031
10,79,152.390520972912,15.239052097291
10,80,40.436381084307,4.043638108431
10,81,220.714495593035,22.071449559303
10,82,95.968049623479,9.596804962348
10,83,252.373907902403,25.237390790240
10,84,368.139284517379,36.813928451738
10,85,237.692473182631,23.769247318263
10,86,232.765014463929,23.276501446393
10,87,53.249862689818,5.324986268982
10,88,14.973027416096,1.497302741610
10,89,80.768673019167,8.076867301917
10,90,161.756112099510,16.175611209951
10,91,54.148248627120,5.414824862712
10,92,27.481753161366,2.748175316137
10,93,107.145721956625,10.714572195663
10,94,39.605527901012,3.960552790101
10,95,60.860675296263,6.086067529626
10,96,157.456765224215,15.745676522422
10,97,48.993582252988,4.899358225299
10,98,252.591529340632,25.259152934063
10,99,810.423809819083,81.042380981908
10,100,189.920990544782,18.992099054478
10,101,296.195153664480,29.619515366448
10,102,87.198807053448,8.719880705345
10,103,91.413737986234,9.141373798623
10,104,193.113916261749,19.311391626175
10,105,129.457499411913,12.945749941191
10,106,153.210571777125,15.321057177713
10,107,29.090806872290,2.909080687229
10,108,795.207335409469,79.520733540947
10,109,416.424631320509,41.642463132051
10,110,243.695949012574,24.369594901257
10,111,154.323359900609,15.432335990061
10,112,28.530442399693,2.853044239969
10,113,606.457222602846,60.645722260285
10,114,67.082988726318,6.708298872632
10,115,29.252270247071,2.925227024707
10,116,41.294562140517,4.129456214052
10,117,249.342374021282,24.934237402128
10,118,90.556844630845,9.055684463084
10,119,91.229024457798,9.122902445780
10,120,37.406063365071,3.740606336507
10,121,87.050649920452,8.705064992045
10,122,72.086564871148,7.208656487115
10,123,58.630162862823,5.863016286282
10,124,113.940489939181,11.394048993918
10,125,24.266650374759,2.426665037476
10,126,404.268377904678,40.426837790468
10,127,318.561157631987,31.856115763199
10,128,481.314522476043,48.131452247604
10,129,56.968957268772,5.696895726877
10,130,72.067392436747,7.206739243675
10,131,184.684269012975,18.468426901297
10,132,99.139299043343,9.913929904334
10,133,296.729191809245,29.672919180924
10,134,676.040497083954,67.604049708395
10,135,143.472835114149,14.347283511415
10,136,164.986881912736,16.498688191274
10,137,1963.484991001732,196.348499100173
10,138,42.429598872579,4.242959887258
10,139,45.015302114961,4.501530211496
10,140,52.055520181198,5.205552018120
10,141,54.108687596435,5.410868759644
10,142,73.522208205258,7.352220820526
10,143,105.710078622515,10.571007862251
10,144,48.627660603896,4.862766060390
10,145,151.052099050555,15.105209905055
10,146,44.179226589459,4.417922658946
10,147,59.887173477916,5.988717347792
10,148,324.236055136560,32.423605513656
10,149,1282.711692639379,128.271169263938
10,150,713.313784186912,71.331378418691
10,151,602.862605769623,60.286260576962
10,152,270.185099460129,27.018509946013
10,153,211.719476146260,21.171947614626
10,154,144.915060030219,14.491506003022
10,155,406.069942887882,40.606994288788
10,156,437.469668865638,43.746966886564
10,157,205.945497217643,20.594549721764
10,158,538.781390727741,53.878139072774
10,159,374.727090362922,37.472709036292
10,160,1069.460496370204,106.946049637020
10,161,176.347264684158,17.634726468416
10,162,63.631592839623,6.363159283962
10,163,66.927892316693,6.692789231669
10,164,56.285474290194,5.628547429019
10,165,1641.178340924022,164.117834092402
10,166,527.148444616529,52.714844461653
10,167,2190.366571967527,219.036657196753
10,168,139.488617244572,13.948861724457
10,169,39.310286719036,3.931028671904
10,170,172.736909285385,17.273690928539
10,171,48.355454958775,4.835545495878
10,172,509.975308814084,50.997530881408
10,173,52.919782046825,5.291978204683
10,174,383.741353783026,38.374135378303
10,175,173.988053707862,17.398805370786
10,176,504.180297438773,50.418029743877
10,177,644.646565759887,64.464656575989
10,178,728.681062670100,72.868106267010
10,179,388.936868888663,38.893686888866
10,180,363.770974109391,36.377097410939
10,181,329.781824864668,32.978182486467
10,182,595.365969302370,59.536596930237
10,183,269.326131475642,26.932613147564
10,184,532.139286831046,53.213928683105
10,185,304.109434430347,30.410943443035
10,186,455.391244999032,45.539124499903
10,187,62.938380565976,6.293838056598
10,188,57.481676811108,5.748167681111
10,189,104.927156525219,10.492715652522
10,190,188.279386618738,18.827938661874
10,191,262.045327973256,26.204532797326
10,192,130.893285823894,13.089328582389
10,193,37.336026748364,3.733602674836
11,1,70.222764529810,7.022276452981
11,2,84.873258592817,8.487325859282
11,3,389.261751214452,38.926175121445
11,4,90.284068378401,9.028406837840
11,5,101.950359310241,10.195035931024
11,6,86.743553729151,8.674355372915
11,7,585.302679996926,58.530267999693
11,8,1336.051044926924,133.605104492692
11,9,338.247077976699,33.824707797670
11,10,743.115483675861,74.311548367586
11,11,615.508732541084,61.550873254108
11,12,337.737024970716,33.773702497072
11,13,364.021308069806,36.402130806981
11,14,390.385938878642,39.038593887864
11,15,115.483770774644,11.548377077464
11,16,497.508634762571,49.750863476257
11,17,536.467599005830,53.646759900583
11,18,560.094436404824,56.009443640482
11,19,527.291860318663,52.729186031866
11,20,272.303528159481,27.230352815948
11,21,821.932656473599,82.193265647360
11,22,663.730207974602,66.373020797460
11,23,388.409218930153,38.840921893015
11,24,635.445319812929,63.544531981293
11,25,513.867367997949,51.386736799795
11,26,606.511451937365,60.651145193737
11,27,34.547927888337,3.454792788834
11,28,137.503049292310,13.750304929231
11,29,668.705870286052,66.870587028605
11,30,519.571828632412,51.957182863241
11,31,422.561455134095,42.256145513410
11,32,174.223313190113,17.422331319011
11,33,502.404402879105,50.240440287911
11,34,1123.574965661141,112.357496566114
11,35,684.491436369036,68.449143636904
11,36,789.639075192167,78.963907519217
11,37,968.082041481255,96.808204148126
11,38,392.084276310677,39.208427631068
11,39,756.440958593218,75.644095859322
11,40,1146.635665387515,114.663566538752
11,41,207.183183334576,20.718318333458
11,42,1264.441356477917,126.444135647792
11,43,659.039579730360,65.903957973036
11,44,203.332313373746,20.333231337375
11,45,372.291453238206,37.229145323821
11,46,1171.175654885691,117.117565488569
11,47,2966.407738553465,296.640773855347
11,48,206.920144736354,20.692014473635
11,49,423.344070549612,42.334407054961
11,50,503.430328997981,50.343032899798
11,51,2016.868557702499,201.686855770250
11,52,464.140676861839,46.414067686184
11,53,963.276144885778,96.327614488578
11,54,413.879896434049,41.387989643405
11,55,1204.732350539228,120.473235053923
11,56,167.380152417077,16.738015241708
11,57,1896.920009066230,189.692000906623
11,58,1419.981975300195,141.998197530019
11,59,128.938724174405,12.893872417440
11,60,187.774336146867,18.777433614687
11,61,898.959503915734,89.895950391573
11,62,1058.077447673847,105.807744767385
11,63,146.590730517715,14.659073051772
11,64,534.131317387298,53.413131738730
11,65,127.025118372328,12.702511837233
11,66,36.694186795393,3.669418679539
11,67,29.072718997672,2.907271899767
11,68,45.901066833844,4.590106683384
11,69,47.762291673687,4.776229167369
11,70,263.431719990548,26.343171999055
11,71,297.091439095057,29.709143909506
11,72,103.723602274127,10.372360227413
11,73,336.839367961377,33.683936796138
11,74,95.792157093844,9.579215709384
11,75,198.798525672987,19.879852567299
11,76,88.498126999428,8.849812699943
11,77,364.960461685592,36.496046168559
11,78,88.330024171138,8.833002417114
11,79,161.011065807277,16.101106580728
11,80,42.723817559038,4.272381755904
11,81,233.200043858807,23.320004385881
11,82,101.396844466910,10.139684446691
11,83,266.650390285994,26.665039028599
11,84,388.964472246978,38.896447224698
11,85,251.138444813804,25.113844481380
11,86,245.932245799885,24.593224579989
11,87,56.262142100706,5.626214210071
11,88,15.820033209649,1.582003320965
11,89,85.337657773129,8.533765777313
11,90,170.906456935157,17.090645693516
11,91,57.211348628434,5.721134862843
11,92,29.036362225906,2.903636222591
11,93,113.206824012320,11.320682401232
11,94,41.845964030369,4.184596403037
11,95,64.303489040133,6.430348904013
11,96,166.363901281125,16.636390128112
11,97,51.765089100734,5.176508910073
11,98,266.880322302027,26.688032230203
11,99,856.268490595669,85.626849059567
11,100,200.664588004292,20.066458800429
11,101,312.950550165419,31.295055016542
11,102,92.131536601900,9.213153660190
11,103,96.584901007110,9.658490100711
11,104,204.038133612314,20.403813361231
11,105,136.780751348452,13.678075134845
11,106,161.877505879529,16.187750587953
11,107,30.736438131436,3.073643813144
11,108,840.191238894713,84.019123889471
11,109,439.981261887248,43.998126188725
11,110,257.481529906999,25.748152990700
11,111,163.053243062103,16.305324306210
11,112,30.144374528020,3.014437452802
11,113,640.763763745916,64.076376374592
11,114,70.877791108030,7.087779110803
11,115,30.907035291261,3.090703529126
11,116,43.630544864869,4.363054486487
11,117,263.447366251994,26.344736625199
11,118,95.679534245753,9.567953424575
11,119,96.389738460957,9.638973846096
11,120,39.522078483709,3.952207848371
11,121,91.974998401636,9.197499840164
11,122,76.164413417497,7.616441341750
11,123,61.946799254497,6.194679925450
11,124,120.385963684524,12.038596368452
11,125,25.639385018618,2.563938501862
11,126,427.137344127729,42.713734412773
11,127,336.581771541046,33.658177154105
11,128,508.541894585181,50.854189458518
11,129,60.191621297788,6.019162129779
11,130,76.144156422002,7.614415642200
11,131,195.131631559304,19.513163155930
11,132,104.747487576292,10.474748757629
11,133,313.514798192929,31.351479819293
11,134,714.283278706791,71.428327870679
11,135,151.588917398785,15.158891739878
11,136,174.319987433540,17.431998743354
11,137,2074.556928340527,207.455692834053
11,138,44.829789232516,4.482978923252
11,139,47.561762535445,4.756176253544
11,140,55.000237101470,5.500023710147
11,141,57.169549678773,5.716954967877
11,142,77.681269333920,7.768126933392
11,143,111.689968095898,11.168996809590
11,144,51.378467712827,5.137846771283
11,145,159.596930998608,15.959693099861
11,146,46.678391243077,4.667839124308
11,147,63.274917418114,6.327491741811
11,148,342.577691036070,34.257769103607
11,149,1355.273119592734,135.527311959273
11,150,753.665069938115,75.366506993812
11,151,636.965803847946,63.696580384795
11,152,285.469139101196,28.546913910120
11,153,223.696187196097,22.369618719610
11,154,153.112727209184,15.311272720918
11,155,429.040821432057,42.904082143206
11,156,462.216791390408,46.221679139041
11,157,217.595581362414,21.759558136241
11,158,569.259593079412,56.925959307941
11,159,395.924942187959,39.592494218796
11,160,1129.958564745326,112.995856474533
11,161,186.323013122589,18.632301312259
11,162,67.231153989842,6.723115398984
11,163,70.713921084769,7.071392108477
11,164,59.469474525540,5.946947452554
11,165,1734.017786440690,173.401778644069
11,166,556.968585476795,55.696858547679
11,167,2314.272922026483,231.427292202648
11,168,147.379317211756,14.737931721176
11,169,41.534021416902,4.153402141690
11,170,182.508424347720,18.250842434772
11,171,51.090863728276,5.109086372828
11,172,538.823986448249,53.882398644825
11,173,55.913389200648,5.591338920065
11,174,405.449131431964,40.544913143196
11,175,183.830344475401,18.383034447540
11,176,532.701158388164,53.270115838816
11,177,681.113431198579,68.111343119858
11,178,769.901656514093,76.990165651409
11,179,410.938550453800,41.093855045380
11,180,384.349051877806,38.434905187781
11,181,348.437178154714,34.843717815471
11,182,629.045091851846,62.904509185185
11,183,284.561580351519,28.456158035152
11,184,562.241753513133,56.224175351313
11,185,321.312532085782,32.131253208578
11,186,481.152169101315,48.115216910132
11,187,66.498727548238,6.649872754824
11,188,60.733344755681,6.073334475568
11,189,110.862757055967,11.086275705597
11,190,198.930120557903,19.893012055790
11,191,276.868910726349,27.686891072635
11,192,138.297758436481,13.829775843648
11,193,39.448079981506,3.944807998151
12,1,71.359229038254,7.135922903825
12,2,86.246822375909,8.624682237591
12,3,395.561448580570,39.556144858057
12,4,91.745199111105,9.174519911111
12,5,103.600293854330,10.360029385433
12,6,88.147385817072,8.814738581707
12,7,594.775045930785,59.477504593078
12,8,1357.673300960212,135.767330096021
12,9,343.721168918279,34.372116891828
12,10,755.141845476445,75.514184547645
12,11,625.469944319826,62.546994431983
12,12,343.202861364892,34.320286136489
12,13,369.912521548921,36.991252154892
12,14,396.703829766331,39.670382976633
12,15,117.352726058096,11.735272605810
12,16,505.560167763839,50.556016776384
12,17,545.149632393186,54.514963239319
12,18,569.158839559740,56.915883955974
12,19,535.825396257555,53.582539625756
12,20,276.710408141341,27.671040814134
12,21,835.234572151054,83.523457215105
12,22,674.471821888491,67.447182188849
12,23,394.695119165242,39.469511916524
12,24,645.729179439641,64.572917943964
12,25,522.183645912772,52.218364591277
12,26,616.327054380629,61.632705438063
12,27,35.107041363123,3.510704136312
12,28,139.728358084548,13.972835808455
12,29,679.528008851183,67.952800885118
12,30,527.980425855573,52.798042585557
12,31,429.400065086463,42.940006508646
12,32,177.042891902370,17.704289190237
12,33,510.535167547529,51.053516754753
12,34,1141.758571498930,114.175857149893
12,35,695.569043879589,69.556904387959
12,36,802.418361075386,80.241836107539
12,37,983.749195697868,98.374919569787
12,38,398.429652590429,39.842965259043
12,39,768.682975949420,76.868297594942
12,40,1165.192478787759,116.519247878776
12,41,210.536174863502,21.053617486350
12,42,1284.904702435136,128.490470243514
12,43,669.705281900280,66.970528190028
12,44,206.622983559067,20.662298355907
12,45,378.316508307388,37.831650830739
12,46,1190.129616237727,119.012961623773
12,47,3014.415206431040,301.441520643104
12,48,210.268879326192,21.026887932619
12,49,430.195346119026,43.019534611903
12,50,511.577696952109,51.157769695211
12,51,2049.508963550553,204.950896355055
12,52,471.652192674560,47.165219267456
12,53,978.865521889422,97.886552188942
12,54,420.578006601103,42.057800660110
12,55,1224.229383555933,122.422938355593
12,56,170.088983433822,17.008898343382
12,57,1927.619202982838,192.761920298284
12,58,1442.962544754616,144.296254475462
12,59,131.025430455044,13.102543045504
12,60,190.813220617685,19.081322061768
12,61,913.507999372573,91.350799937257
12,62,1075.201060999491,107.520106099949
12,63,148.963111662429,14.896311166243
12,64,542.775541082043,54.277554108204
12,65,129.080855421098,12.908085542110
12,66,37.288034691277,3.728803469128
12,67,29.543223306724,2.954322330672
12,68,46.643916160635,4.664391616064
12,69,48.535262514306,4.853526251431
12,70,267.695021245806,26.769502124581
12,71,301.899479316126,30.189947931613
12,72,105.402234459313,10.540223445931
12,73,342.290676939283,34.229067693928
12,74,97.342429109669,9.734242910967
12,75,202.015822375432,20.201582237543
12,76,89.930354583632,8.993035458363
12,77,370.866874149813,37.086687414981
12,78,89.759531228752,8.975953122875
12,79,163.616821404936,16.361682140494
12,80,43.415247220719,4.341524722072
12,81,236.974084584598,23.697408458460
12,82,103.037821090039,10.303782109004
12,83,270.965781551943,27.096578155194
12,84,395.259358537971,39.525935853797
12,85,255.202795329591,25.520279532959
12,86,249.912340726437,24.991234072644
12,87,57.172672013542,5.717267201354
12,88,16.076059960882,1.607605996088
12,89,86.718737255577,8.671873725558
12,90,173.672356624114,17.367235662411
12,91,58.137240219740,5.813724021974
12,92,29.506278147688,2.950627814769
12,93,115.038929860974,11.503892986097
12,94,42.523186769471,4.252318676947
12,95,65.344157739984,6.534415773998
12,96,169.056285589236,16.905628558924
12,97,52.602840034256,5.260284003426
12,98,271.199434719904,27.119943471990
12,99,870.126087284955,87.012608728496
12,100,203.912084509098,20.391208450910
12,101,318.015249562294,31.801524956229
12,102,93.622566215410,9.362256621541
12,103,98.148002556602,9.814800255660
12,104,207.340226584189,20.734022658419
12,105,138.994370683815,13.899437068381
12,106,164.497283687756,16.449728368776
12,107,31.233867580222,3.123386758022
12,108,853.788646084572,85.378864608457
12,109,447.101788854012,44.710178885401
12,110,261.648535040994,26.164853504099
12,111,165.692048654101,16.569204865410
12,112,30.632222194082,3.063222219408
12,113,651.133695500526,65.113369550053
12,114,72.024856373411,7.202485637341
12,115,31.407225634162,3.140722563416
12,116,44.336648733820,4.433664873382
12,117,267.710920721732,26.771092072173
12,118,97.227983606624,9.722798360662
12,119,97.949681557366,9.794968155737
12,120,40.161692144568,4.016169214457
12,121,93.463494647084,9.346349464708
12,122,77.397035819009,7.739703581901
12,123,62.949327981981,6.294932798198
12,124,122.334254612093,12.233425461209
12,125,26.054325263240,2.605432526324
12,126,434.050008917878,43.405000891788
12,127,342.028911654467,34.202891165447
12,128,516.771986609079,51.677198660908
12,129,61.165744742923,6.116574474292
12,130,77.376450990273,7.737645099027
12,131,198.289584328989,19.828958432899
12,132,106.442690019206,10.644269001921
12,133,318.588629213452,31.858862921345
12,134,725.843028606421,72.584302860642
12,135,154.042187725731,15.404218772573
12,136,177.141130693237,17.714113069324
12,137,2108.130945763389,210.813094576339
12,138,45.555301318589,4.555530131859
12,139,48.331488071635,4.833148807164
12,140,55.890344716008,5.589034471601
12,141,58.094764808207,5.809476480821
12,142,78.938440084174,7.893844008417
12,143,113.497525595808,11.349752559581
12,144,52.209961679845,5.220996167985
12,145,162.179800655634,16.217980065563
12,146,47.433820558829,4.743382055883
12,147,64.298940018220,6.429894001822
12,148,348.121867342059,34.812186734206
12,149,1377.206460012726,137.720646001273
12,150,765.862163131092,76.586216313109
12,151,647.274270539803,64.727427053980
12,152,290.089087447246,29.008908744725
12,153,227.316420308889,22.731642030889
12,154,155.590658424644,15.559065842464
12,155,435.984291537455,43.598429153745
12,156,469.697171608122,46.969717160812
12,157,221.117084069812,22.111708406981
12,158,578.472322426621,57.847232242662
12,159,402.332474671435,40.233247467143
12,160,1148.245480867805,114.824548086781
12,161,189.338409809660,18.933840980966
12,162,68.319203155704,6.831920315570
12,163,71.858334326028,7.185833432603
12,164,60.431910960313,6.043191096031
12,165,1762.080618835501,176.208061883550
12,166,565.982400782284,56.598240078228
12,167,2351.726432385212,235.172643238521
12,168,149.764460610928,14.976446061093
12,169,42.206195768757,4.220619576876
12,170,185.462086855199,18.546208685520
12,171,51.917703197239,5.191770319724
12,172,547.544154914940,54.754415491494
12,173,56.818274999418,5.681827499942
12,174,412.010800584939,41.201080058494
12,175,186.805400548316,18.680540054832
12,176,541.322236811501,54.132223681150
12,177,692.136370069820,69.213637006982
12,178,782.361517835119,78.236151783512
12,179,417.589058745081,41.758905874508
12,180,390.569243566896,39.056924356690
12,181,354.076182671933,35.407618267193
12,182,639.225372077028,63.922537207703
12,183,289.166841034457,28.916684103446
12,184,571.340908214765,57.134090821476
12,185,326.512559331629,32.651255933163
12,186,488.938993886778,48.893899388678
12,187,67.574923340603,6.757492334060
12,188,61.716235293473,6.171623529347
12,189,112.656927216399,11.265692721640
12,190,202.149546953151,20.214954695315
12,191,281.349675513079,28.134967551308
12,192,140.535928567105,14.053592856711
12,193,40.086496072434,4.008649607243
13,1,72.087982326698,7.208798232670
13,2,87.127614619202,8.712761461920
13,3,399.601104141872,39.960110414187
13,4,92.682143308124,9.268214330812
13,5,104.658307734912,10.465830773491
13,6,89.047587488919,8.904758748892
13,7,600.849162431874,60.084916243187
13,8,1371.538485548690,137.153848554869
13,9,347.231407685330,34.723140768533
13,10,762.853701539762,76.285370153976
13,11,631.857531249912,63.185753124991
13,12,346.707806936667,34.670780693667
13,13,373.690238463025,37.369023846302
13,14,400.755151850057,40.075515185006
13,15,118.551186105596,11.855118610560
13,16,510.723180869915,51.072318086991
13,17,550.716951332231,55.071695133223
13,18,574.971351572077,57.497135157208
13,19,541.297491805911,54.129749180591
13,20,279.536302179117,27.953630217912
13,21,843.764372000077,84.376437200008
13,22,681.359838544337,68.135983854434
13,23,398.725927371846,39.872592737185
13,24,652.323663002634,65.232366300263
13,25,527.516425628293,52.751642562829
13,26,622.621269910843,62.262126991084
13,27,35.465570626762,3.546557062676
13,28,141.155328384191,14.115532838419
13,29,686.467661615290,68.646766161529
13,30,533.372404955710,53.337240495571
13,31,433.785296172998,43.378529617300
13,32,178.850935394547,17.885093539455
13,33,515.748987641029,51.574898764103
13,34,1153.418735500177,115.341873550018
13,35,702.672515075938,70.267251507594
13,36,810.613026673969,81.061302667397
13,37,993.795695233117,99.379569523312
13,38,402.498599571107,40.249859957111
13,39,776.533120269134,77.653312026913
13,40,1177.091960635175,117.709196063517
13,41,212.686267175820,21.268626717582
13,42,1298.026740605340,129.802674060534
13,43,676.544620456071,67.654462045607
13,44,208.733112560824,20.873311256082
13,45,382.180050602019,38.218005060202
13,46,1202.283767609549,120.228376760955
13,47,3045.199801836961,304.519980183696
13,48,212.416241893466,21.241624189347
13,49,434.588698981475,43.458869898148
13,50,516.802163835690,51.680216383569
13,51,2070.439492327448,207.043949232745
13,52,476.468921933631,47.646892193363
13,53,988.862147100138,98.886214710014
13,54,424.873142766227,42.487314276623
13,55,1236.731777445271,123.673177744527
13,56,171.826010412336,17.182601041234
13,57,1947.304937427751,194.730493742775
13,58,1457.698742353207,145.769874235321
13,59,132.363522452404,13.236352245240
13,60,192.761893044192,19.276189304419
13,61,922.837163483993,92.283716348399
13,62,1086.181509071896,108.618150907190
13,63,150.484391515699,15.048439151570
13,64,548.318614707996,54.831861470800
13,65,130.399088523265,13.039908852326
13,66,37.668837262537,3.766883726254
13,67,29.844932299746,2.984493229975
13,68,47.120265299298,4.712026529930
13,69,49.030926952381,4.903092695238
13,70,270.428846003474,27.042884600347
13,71,304.982615741453,30.498261574145
13,72,106.478650586655,10.647865058666
13,73,345.786306863892,34.578630686389
13,74,98.336534795435,9.833653479543
13,75,204.078900926839,20.407890092684
13,76,90.848764753094,9.084876475309
13,77,374.654337351897,37.465433735190
13,78,90.676196871496,9.067619687150
13,79,165.287751686143,16.528775168614
13,80,43.858623706242,4.385862370624
13,81,239.394172998451,23.939417299845
13,82,104.090090739886,10.409009073989
13,83,273.733008819152,27.373300881915
13,84,399.295929016727,39.929592901673
13,85,257.809043726931,25.780904372693
13,86,252.464560566556,25.246456056656
13,87,57.756545652602,5.775654565260
13,88,16.240236083854,1.624023608385
13,89,87.604348910811,8.760434891081
13,90,175.445978658816,17.544597865882
13,91,58.730964473242,5.873096447324
13,92,29.807609839743,2.980760983974
13,93,116.213760356834,11.621376035683
13,94,42.957453123115,4.295745312312
13,95,66.011482352027,6.601148235203
13,96,170.782766182085,17.078276618208
13,97,53.140044445979,5.314004444598
13,98,273.969048160798,27.396904816080
13,99,879.012215344572,87.901221534457
13,100,205.994528562127,20.599452856213
13,101,321.262967650301,32.126296765030
13,102,94.578682949315,9.457868294932
13,103,99.150335129155,9.915033512915
13,104,209.457680401815,20.945768040181
13,105,140.413845166319,14.041384516632
13,106,166.177205655006,16.617720565501
13,107,31.552842210647,3.155284221065
13,108,862.507928675706,86.250792867571
13,109,451.667798090486,45.166779809049
13,110,264.320610298778,26.432061029878
13,111,167.384172111053,16.738417211105
13,112,30.945052544931,3.094505254493
13,113,657.783372468843,65.778337246884
13,114,72.760407354542,7.276040735454
13,115,31.727970676818,3.172797067682
13,116,44.789434995651,4.478943499565
13,117,270.444907852166,27.044490785217
13,118,98.220920522242,9.822092052224
13,119,98.949988784603,9.894998878460
13,120,40.571841828279,4.057184182828
13,121,94.417986868924,9.441798686892
13,122,78.187449969063,7.818744996906
13,123,63.592195490366,6.359219549037
13,124,123.583588321823,12.358358832182
13,125,26.320404023755,2.632040402375
13,126,438.482727370852,43.848272737085
13,127,345.521868311514,34.552186831151
13,128,522.049499969193,52.204949996919
13,129,61.790397478417,6.179039747842
13,130,78.166654918583,7.816665491858
13,131,200.314608822547,20.031460882255
13,132,107.529731757574,10.752973175757
13,133,321.842202918342,32.184220291834
13,134,733.255671667731,73.325567166773
13,135,155.615337441293,15.561533744129
13,136,178.950177445159,17.895017744516
13,137,2129.660149202110,212.966014920211
13,138,46.020533021473,4.602053302147
13,139,48.825071471320,4.882507147132
13,140,56.461122638541,5.646112263854
13,141,58.688055283258,5.868805528326
13,142,79.744595763982,7.974459576398
13,143,114.656614561915,11.465661456191
13,144,52.743153836999,5.274315383700
13,145,163.836055419592,16.383605541959
13,146,47.918236564742,4.791823656474
13,147,64.955590385848,6.495559038585
13,148,351.677048066735,35.167704806674
13,149,1391.271126211151,139.127112621115
13,150,773.683500012088,77.368350001209
13,151,653.884533284205,65.388453328420
13,152,293.051610715336,29.305161071534
13,153,229.637880210432,22.963788021043
13,154,157.179621835631,15.717962183563
13,155,440.436763774751,44.043676377475
13,156,474.493935292307,47.449393529231
13,157,223.375233496573,22.337523349657
13,158,584.379948012319,58.437994801232
13,159,406.441279067393,40.644127906739
13,160,1159.971892172983,115.997189217298
13,161,191.272020789447,19.127202078945
13,162,69.016910300730,6.901691030073
13,163,72.592184707372,7.259218470737
13,164,61.049069447489,6.104906944749
13,165,1780.075797073634,178.007579707363
13,166,571.762473539940,57.176247353994
13,167,2375.743345042744,237.574334504274
13,168,151.293924208463,15.129392420846
13,169,42.637224864414,4.263722486441
13,170,187.356111040983,18.735611104098
13,171,52.447910676262,5.244791067626
13,172,553.135927820004,55.313592782000
13,173,57.398529373065,5.739852937307
13,174,416.218444499360,41.621844449936
13,175,188.713143271765,18.871314327176
13,176,546.850468625393,54.685046862539
13,177,699.204785221410,69.920478522141
13,178,790.351353719815,79.035135371981
13,179,421.853670399103,42.185367039910
13,180,394.557916433047,39.455791643305
13,181,357.692171605101,35.769217160510
13,182,645.753435766002,64.575343576600
13,183,292.119945897735,29.211994589773
13,184,577.175704516454,57.717570451645
13,185,329.847055857699,32.984705585770
13,186,493.932263915695,49.393226391569
13,187,68.265029557619,6.826502955762
13,188,62.346509891820,6.234650989182
13,189,113.807431604989,11.380743160499
13,190,204.213991161489,20.421399116149
13,191,284.222947884376,28.422294788438
13,192,141.971146148181,14.197114614818
13,193,40.495877819248,4.049587781925
14,1,72.488369393046,7.248836939305
14,2,87.611533975650,8.761153397565
14,3,401.820546393308,40.182054639331
14,4,93.196913319217,9.319691331922
14,5,105.239595093088,10.523959509309
14,6,89.542170652010,8.954217065201
14,7,604.186365467649,60.418636546765
14,8,1379.156208404672,137.915620840467
14,9,349.159981078282,34.915998107828
14,10,767.090701185940,76.709070118594
14,11,635.366959245001,63.536695924500
14,12,348.633472175432,34.863347217543
14,13,375.765768023873,37.576576802387
14,14,402.981003849156,40.298100384916
14,15,119.209636516952,11.920963651695
14,16,513.559811186151,51.355981118615
14,17,553.775712826380,55.377571282638
14,18,578.164825508504,57.816482550850
14,19,544.303936261288,54.430393626129
14,20,281.088887178098,28.108888717810
14,21,848.450761196859,84.845076119686
14,22,685.144209504332,68.514420950433
14,23,400.940508765090,40.094050876509
14,24,655.946762849639,65.594676284964
14,25,530.446328051561,53.044632805156
14,26,626.079398376355,62.607939837635
14,27,35.662551528728,3.566255152873
14,28,141.939325466741,14.193932546674
14,29,690.280402162404,69.028040216240
14,30,536.334832334008,53.633483233401
14,31,436.194602364595,43.619460236459
14,32,179.844299323248,17.984429932325
14,33,518.613532014009,51.861353201401
14,34,1159.824989758818,115.982498975882
14,35,706.575259719827,70.657525971983
14,36,815.115288510378,81.511528851038
14,37,999.315380069904,99.931538006990
14,38,404.734134930675,40.473413493068
14,39,780.846097382813,78.084609738281
14,40,1183.629699405615,118.362969940561
14,41,213.867557424465,21.386755742446
14,42,1305.236168611750,130.523616861175
14,43,680.302246999287,68.030224699929
14,44,209.892446417737,20.989244641774
14,45,384.302733805768,38.430273380577
14,46,1208.961425314670,120.896142531467
14,47,3062.113281389963,306.211328138996
14,48,213.596032382689,21.359603238269
14,49,437.002467388315,43.700246738831
14,50,519.672557701377,51.967255770138
14,51,2081.939012325473,208.193901232547
14,52,479.115299147994,47.911529914799
14,53,994.354430297985,99.435443029798
14,54,427.232949570517,42.723294957052
14,55,1243.600764372746,124.360076437275
14,56,172.780356892994,17.278035689299
14,57,1958.120550322109,195.812055032211
14,58,1465.795011720608,146.579501172061
14,59,133.098688574907,13.309868857491
14,60,193.832520441000,19.383252044100
14,61,927.962734386080,92.796273438608
14,62,1092.214318063101,109.221431806310
14,63,151.320203562387,15.132020356239
14,64,551.364055494115,55.136405549411
14,65,131.123343895978,13.112334389598
14,66,37.878055425640,3.787805542564
14,67,30.010695364589,3.001069536459
14,68,47.381978058897,4.738197805890
14,69,49.303251802781,4.930325180278
14,70,271.930846875358,27.193084687536
14,71,306.676533241465,30.667653324146
14,72,107.070048391964,10.707004839196
14,73,347.706853958150,34.770685395815
14,74,98.882710113577,9.888271011358
14,75,205.212384620074,20.521238462007
14,76,91.353351914876,9.135335191488
14,77,376.735221657230,37.673522165723
14,78,91.179825566338,9.117982556634
14,79,166.205783733437,16.620578373344
14,80,44.102220837317,4.410222083732
14,81,240.723802813767,24.072380281377
14,82,104.668222138797,10.466822213880
14,83,275.253361488574,27.525336148857
14,84,401.513676281438,40.151367628144
14,85,259.240952394147,25.924095239415
14,86,253.866785202334,25.386678520233
14,87,58.077333849605,5.807733384961
14,88,16.330436700829,1.633043670083
14,89,88.090916118375,8.809091611838
14,90,176.420430965989,17.642043096599
14,91,59.057164733122,5.905716473312
14,92,29.973165610252,2.997316561025
14,93,116.859228367959,11.685922836796
14,94,43.196045022606,4.319604502261
14,95,66.378119659815,6.637811965982
14,96,171.731318333600,17.173131833360
14,97,53.435191928466,5.343519192847
14,98,275.490711826816,27.549071182682
14,99,883.894376154547,88.389437615455
14,100,207.138651927945,20.713865192795
14,101,323.047308576375,32.304730857637
14,102,95.103986615514,9.510398661551
14,103,99.701030411897,9.970103041190
14,104,210.621038613173,21.062103861317
14,105,141.193723943977,14.119372394398
14,106,167.100177858120,16.710017785812
14,107,31.728091253830,3.172809125383
14,108,867.298422293615,86.729842229362
14,109,454.176426280711,45.417642628071
14,110,265.788685147276,26.578868514728
14,111,168.313847980199,16.831384798020
14,112,31.116925836518,3.111692583652
14,113,661.436796330831,66.143679633083
14,114,73.164529166620,7.316452916662
14,115,31.904192408798,3.190419240880
14,116,45.038201987075,4.503820198708
14,117,271.946997933877,27.194699793388
14,118,98.766453702011,9.876645370201
14,119,99.499571314809,9.949957131481
14,120,40.797183698055,4.079718369806
14,121,94.942398005882,9.494239800588
14,122,78.621714359714,7.862171435971
14,123,63.945395729480,6.394539572948
14,124,124.269989421977,12.426998942198
14,125,26.466591349464,2.646659134946
14,126,440.918123773827,44.091812377383
14,127,347.440946675856,34.744094667586
14,128,524.949038297699,52.494903829770
14,129,62.133590271117,6.213359027112
14,130,78.600803810520,7.860080381052
14,131,201.427185093714,20.142718509371
14,132,108.126967419524,10.812696741952
14,133,323.629761000760,32.362976100076
14,134,737.328279580813,73.732827958081
14,135,156.479647502774,15.647964750277
14,136,179.944092578544,17.994409257854
14,137,2141.488589282345,214.148858928235
14,138,46.276137709154,4.627613770915
14,139,49.096252970645,4.909625297065
14,140,56.774715869012,5.677471586901
14,141,59.014017219299,5.901401721930
14,142,80.187508767295,8.018750876730
14,143,115.293433960380,11.529343396038
14,144,53.036096931716,5.303609693172
14,145,164.746024536137,16.474602453614
14,146,48.184381372011,4.818438137201
14,147,65.316363117143,6.531636311714
14,148,353.630313188502,35.363031318850
14,149,1398.998447003587,139.899844700359
14,150,777.980649923254,77.798064992325
14,151,657.516302430208,65.751630243021
14,152,294.679261690099,29.467926169010
14,153,230.913322166388,23.091332216639
14,154,158.052620158587,15.805262015859
14,155,442.883013178157,44.288301317816
14,156,477.129343145594,47.712934314559
14,157,224.615891808095,22.461589180810
14,158,587.625678652367,58.762567865237
14,159,408.698712638371,40.869871263837
14,160,1166.414543610333,116.641454361033
14,161,192.334373220552,19.233437322055
14,162,69.400240189456,6.940024018946
14,163,72.995372186570,7.299537218657
14,164,61.388144797227,6.138814479723
14,165,1789.962595167617,178.996259516762
14,166,574.938124904280,57.493812490428
14,167,2388.938566737334,238.893856673733
14,168,152.134232516656,15.213423251666
14,169,42.874038169901,4.287403816990
14,170,188.396713943726,18.839671394373
14,171,52.739213947819,5.273921394782
14,172,556.208124658966,55.620812465897
14,173,57.717329095939,5.771732909594
14,174,418.530181859376,41.853018185938
14,175,189.761283327529,18.976128332753
14,176,549.887755116106,54.988775511611
14,177,703.088269592803,70.308826959280
14,178,794.741079298006,79.474107929801
14,179,424.196706617728,42.419670661773
14,180,396.749348091502,39.674934809150
14,181,359.678845591834,35.967884559183
14,182,649.340043621919,64.934004362192
14,183,293.742422271530,29.374242227153
14,184,580.381421747534,58.038142174753
14,185,331.679074049576,33.167907404958
14,186,496.675635053860,49.667563505386
14,187,68.644183392094,6.864418339209
14,188,62.692791413191,6.269279141319
14,189,114.439534518653,11.443953451865
14,190,205.348225165400,20.534822516540
14,191,285.801563190550,28.580156319055
14,192,142.759674400431,14.275967440043
14,193,40.720797773946,4.072079777395
15,1,72.333341474064,7.233334147406
15,2,87.424162761416,8.742416276142
15,3,400.961189180099,40.096118918010
15,4,92.997596881994,9.299759688199
15,5,105.014523463549,10.501452346355
15,6,89.350670463862,8.935067046386
15,7,602.894216731236,60.289421673124
15,8,1376.206663274459,137.620666327446
15,9,348.413246868205,34.841324686821
15,10,765.450155591232,76.545015559123
15,11,634.008125844464,63.400812584446
15,12,347.887863988471,34.788786398847
15,13,374.962133102446,37.496213310245
15,14,402.119164812919,40.211916481292
15,15,118.954687729628,11.895468772963
15,16,512.461481764926,51.246148176493
15,17,552.591375296634,55.259137529663
15,18,576.928327978240,57.692832797824
15,19,543.139855633749,54.313985563375
15,20,280.487733840079,28.048773384008
15,21,846.636214160300,84.663621416030
15,22,683.678919528969,68.367891952897
15,23,400.083033652461,40.008303365246
15,24,654.543916262536,65.454391626254
15,25,529.311884125480,52.931188412548
15,26,624.740427903428,62.474042790343
15,27,35.586281484369,3.558628148437
15,28,141.635765620753,14.163576562075
15,29,688.804127621296,68.880412762130
15,30,535.187794903996,53.518779490400
15,31,435.261730759922,43.526173075992
15,32,179.459673655732,17.945967365573
15,33,517.504394406179,51.750439440618
15,34,1157.344519359893,115.734451935989
15,35,705.064136031491,70.506413603149
15,36,813.372034689573,81.337203468957
15,37,997.178185026393,99.717818502639
15,38,403.868546544500,40.386854654450
15,39,779.176133683309,77.917613368331
15,40,1181.098318845110,118.109831884511
15,41,213.410167602580,21.341016760258
15,42,1302.444713255610,130.244471325561
15,43,678.847312331640,67.884731233164
15,44,209.443558003628,20.944355800363
15,45,383.480841223829,38.348084122383
15,46,1206.375868825187,120.637586882519
15,47,3055.564464611818,305.556446461182
15,48,213.139223260338,21.313922326034
15,49,436.067868035667,43.606786803567
15,50,518.561155198504,51.856115519850
15,51,2077.486454277457,207.748645427746
15,52,478.090634799750,47.809063479975
15,53,992.227845035403,99.222784503540
15,54,426.319243887148,42.631924388715
15,55,1240.941126141680,124.094112614168
15,56,172.410838591032,17.241083859103
15,57,1953.932797768500,195.393279776850
15,58,1462.660175715548,146.266017571555
15,59,132.814035838450,13.281403583845
15,60,193.417978735528,19.341797873553
15,61,925.978138335577,92.597813833558
15,62,1089.878443850043,108.987844385004
15,63,150.996581215042,15.099658121504
15,64,550.184875677538,55.018487567754
15,65,130.842915748617,13.084291574862
15,66,37.797047173464,3.779704717346
15,67,29.946512714483,2.994651271448
15,68,47.280644155028,4.728064415503
15,69,49.197808949120,4.919780894912
15,70,271.349279464598,27.134927946460
15,71,306.020656648472,30.602065664847
15,72,106.841062046615,10.684106204662
15,73,346.963227491776,34.696322749178
15,74,98.671233694662,9.867123369466
15,75,204.773505263242,20.477350526324
15,76,91.157978227234,9.115797822723
15,77,375.929513404861,37.592951340486
15,78,90.984822992420,9.098482299242
15,79,165.850326202930,16.585032620293
15,80,44.007901216444,4.400790121644
15,81,240.208976635275,24.020897663528
15,82,104.444372481291,10.444437248129
15,83,274.664688351327,27.466468835133
15,84,400.654975358822,40.065497535882
15,85,258.686524343122,25.868652434312
15,86,253.323850663480,25.332385066348
15,87,57.953126224545,5.795312622455
15,88,16.295511461939,1.629551146194
15,89,87.902519669104,8.790251966910
15,90,176.043127786078,17.604312778608
15,91,58.930861583717,5.893086158372
15,92,29.909063223500,2.990906322350
15,93,116.609306302676,11.660930630268
15,94,43.103663402985,4.310366340299
15,95,66.236159482714,6.623615948271
15,96,171.364043567618,17.136404356762
15,97,53.320912262991,5.332091226299
15,98,274.901531078084,27.490153107808
15,99,882.004027304343,88.200402730434
15,100,206.695652941790,20.669565294179
15,101,322.356420473901,32.235642047390
15,102,94.900591598419,9.490059159842
15,103,99.487803884738,9.948780388474
15,104,210.170591988653,21.017059198865
15,105,140.891758685554,14.089175868555
15,106,166.742807523378,16.674280752338
15,107,31.660235679183,3.166023567918
15,108,865.443566533022,86.544356653302
15,109,453.205097682666,45.320509768267
15,110,265.220253727278,26.522025372728
15,111,167.953882018669,16.795388201867
15,112,31.050377336423,3.105037733642
15,113,660.022208433050,66.002220843305
15,114,73.008055172309,7.300805517231
15,115,31.835960213794,3.183596021379
15,116,44.941880621494,4.494188062149
15,117,271.365395981507,27.136539598151
15,118,98.555225915942,9.855522591594
15,119,99.286775640004,9.928677564000
15,120,40.709932425307,4.070993242531
15,121,94.739348571755,9.473934857175
15,122,78.453569306017,7.845356930602
15,123,63.808638319823,6.380863831982
15,124,124.004218264295,12.400421826429
15,125,26.409988330058,2.640998833006
15,126,439.975150166577,43.997515016658
15,127,346.697888894540,34.669788889454
15,128,523.826351200992,52.382635120099
15,129,62.000707695895,6.200070769589
15,130,78.432703477362,7.843270347736
15,131,200.996400988720,20.099640098872
15,132,107.895720684561,10.789572068456
15,133,322.937627231043,32.293762723104
15,134,735.751385663248,73.575138566325
15,135,156.144990863115,15.614499086311
15,136,179.559253487264,17.955925348726
15,137,2136.908674982986,213.690867498299
15,138,46.177168820936,4.617716882094
15,139,48.991252816943,4.899125281694
15,140,56.653294099896,5.665329409990
15,141,58.887806347722,5.888780634772
15,142,80.016015012964,8.001601501296
15,143,115.046860595730,11.504686059573
15,144,52.922670794433,5.292267079443
15,145,164.393688933084,16.439368893308
15,146,48.081331400903,4.808133140090
15,147,65.176673675453,6.517667367545
15,148,352.874018461476,35.287401846148
15,149,1396.006466087003,139.600646608700
15,150,776.316814439357,77.631681443936
15,151,656.110099132823,65.611009913282
15,152,294.049043172431,29.404904317243
15,153,230.419477262711,23.041947726271
15,154,157.714599466466,15.771459946647
15,155,441.935837342082,44.193583734208
15,156,476.108926080449,47.610892608045
15,157,224.135514961865,22.413551496187
15,158,586.368947581373,58.636894758137
15,159,407.824645371558,40.782464537156
15,160,1163.919980401359,116.391998040136
15,161,191.923035541435,19.192303554143
15,162,69.251816726443,6.925181672644
15,163,72.839259961392,7.283925996139
15,164,61.256856475835,6.125685647583
15,165,1786.134475173911,178.613447517391
15,166,573.708528186990,57.370852818699
15,167,2383.829441264123,238.382944126412
15,168,151.808869238789,15.180886923879
15,169,42.782345213203,4.278234521320
15,170,187.993797575895,18.799379757590
15,171,52.626422742064,5.262642274206
15,172,555.018585029246,55.501858502925
15,173,57.593891398362,5.759389139836
15,174,417.635088430345,41.763508843035
15,175,189.355448610815,18.935544861082
15,176,548.711732602934,54.871173260293
15,177,701.584603388026,70.158460338803
15,178,793.041398967426,79.304139896743
15,179,423.289494423322,42.328949442332
15,180,395.900836443259,39.590083644326
15,181,358.909615115263,35.890961511526
15,182,647.951326555756,64.795132655576
15,183,293.114207334116,29.311420733412
15,184,579.140183673306,57.914018367331
15,185,330.969725542355,33.096972554236
15,186,495.613415131460,49.561341513146
15,187,68.497376876916,6.849737687692
15,188,62.558712897294,6.255871289729
15,189,114.194787353910,11.419478735391
15,190,204.909055291934,20.490905529193
15,191,285.190331044562,28.519033104456
15,192,142.454360107639,14.245436010764
15,193,40.633709864658,4.063370986466
16,1,72.140472094542,7.214047209454
16,2,87.191055266541,8.719105526654
16,3,399.892067607761,39.989206760776
16,4,92.749628401042,9.274962840104
16,5,104.734513089794,10.473451308979
16,6,89.112426135300,8.911242613530
16,7,601.286661610345,60.128666161034
16,8,1372.537150435297,137.253715043530
16,9,347.484238953308,34.748423895331
16,10,763.409161859231,76.340916185923
16,11,632.317608700487,63.231760870049
16,12,346.960256952725,34.696025695272
16,13,373.962335326184,37.396233532618
16,14,401.046955618231,40.104695561823
16,15,118.637507348548,11.863750734855
16,16,511.095056185763,51.109505618576
16,17,551.117947503720,55.111794750372
16,18,575.390008216182,57.539000821618
16,19,541.691629341219,54.169162934122
16,20,279.739842285691,27.973984228569
16,21,844.378746193557,84.437874619356
16,22,681.855960347019,68.185596034702
16,23,399.016253591082,39.901625359108
16,24,652.798642555747,65.279864255575
16,25,527.900528689880,52.790052868988
16,26,623.074622118212,62.307462211821
16,27,35.491394342569,3.549139434257
16,28,141.258108489525,14.125810848953
16,29,686.967502601649,68.696750260165
16,30,533.760771959572,53.376077195957
16,31,434.101150338359,43.410115033836
16,32,178.981162982761,17.898116298276
16,33,516.124522421634,51.612452242163
16,34,1154.258579808474,115.425857980847
16,35,703.184155379861,70.318415537986
16,36,811.203262219596,81.120326221960
16,37,994.519312452574,99.451931245257
16,38,402.791672804221,40.279167280422
16,39,777.098541049280,77.709854104928
16,40,1177.949042242276,117.794904224228
16,41,212.841131446221,21.284113144622
16,42,1298.971879033009,129.897187903301
16,43,677.037236130944,67.703723613094
16,44,208.885098401823,20.888509840182
16,45,382.458329192753,38.245832919275
16,46,1203.159192247720,120.315919224772
16,47,3047.417117753970,304.741711775397
16,48,212.570909549065,21.257090954907
16,49,434.905138132372,43.490513813237
16,50,517.178465470521,51.717846547052
16,51,2071.947051351579,207.194705135158
16,52,476.815855531855,47.681585553186
16,53,989.582172031563,98.958217203156
16,54,425.182507682643,42.518250768264
16,55,1237.632284877836,123.763228487784
16,56,171.951122908276,17.195112290828
16,57,1948.722837898658,194.872283789866
16,58,1458.760143520275,145.876014352028
16,59,132.459900937976,13.245990093798
16,60,192.902249684627,19.290224968463
16,61,923.509113327863,92.350911332786
16,62,1086.972395616475,108.697239561648
16,63,150.593964436455,15.059396443646
16,64,548.717864567152,54.871786456715
16,65,130.494036636151,13.049403663615
16,66,37.696265253432,3.769626525343
16,67,29.866663433247,2.986666343325
16,68,47.154575203757,4.715457520376
16,69,49.066628076061,4.906662807606
16,70,270.625754654362,27.062575465436
16,71,305.204684194198,30.520468419420
16,72,106.556181396497,10.655618139650
16,73,346.038085903689,34.603808590369
16,74,98.408137047507,9.840813704751
16,75,204.227497874427,20.422749787443
16,76,90.914914899303,9.091491489930
16,77,374.927136208999,37.492713620900
16,78,90.742221365028,9.074222136503
16,79,165.408103448440,16.540810344844
16,80,43.890558695986,4.389055869599
16,81,239.568484224238,23.956848422424
16,82,104.165882356205,10.416588235621
16,83,273.932323345936,27.393232334594
16,84,399.586670273991,39.958667027399
16,85,257.996763460743,25.799676346074
16,86,252.648388796246,25.264838879625
16,87,57.798600202819,5.779860020282
16,88,16.252061164738,1.625206116474
16,89,87.668136684972,8.766813668497
16,90,175.573726979573,17.557372697957
16,91,58.773728531701,5.877372853170
16,92,29.829313797461,2.982931379746
16,93,116.298379638780,11.629837963878
16,94,42.988731939207,4.298873193921
16,95,66.059547608841,6.605954760884
16,96,170.907119055607,17.090711905561
16,97,53.178737561062,5.317873756106
16,98,274.168534556038,27.416853455604
16,99,879.652254719050,87.965225471905
16,100,206.144520344841,20.614452034484
16,101,321.496890393658,32.149689039366
16,102,94.647548978725,9.464754897872
16,103,99.222529937563,9.922252993756
16,104,209.610193825865,20.961019382586
16,105,140.516085371926,14.051608537193
16,106,166.298205059683,16.629820505968
16,107,31.575816932772,3.157581693277
16,108,863.135950704883,86.313595070488
16,109,451.996673127620,45.199667312762
16,110,264.513071330746,26.451307133075
16,111,167.506050349995,16.750605035000
16,112,30.967584714255,3.096758471426
16,113,658.262327426359,65.826232742636
16,114,72.813386738442,7.281338673844
16,115,31.751072916072,3.175107291607
16,116,44.822047741477,4.482204774148
16,117,270.641828198244,27.064182819824
16,118,98.292438591540,9.829243859154
16,119,99.022037713867,9.902203771387
16,120,40.601383597792,4.060138359779
16,121,94.486735889928,9.448673588993
16,122,78.244380971497,7.824438097150
16,123,63.638499180251,6.363849918025
16,124,123.673573831905,12.367357383190
16,125,26.339568825600,2.633956882560
16,126,438.802001899291,43.880200189929
16,127,345.773454804401,34.577345480440
16,128,522.429622372017,52.242962237202
16,129,61.835389216484,6.183538921648
16,130,78.223570779417,7.822357077942
16,131,200.460464858097,20.046046485810
16,132,107.608027896183,10.760802789618
16,133,322.076547423049,32.207654742305
16,134,733.789580631945,73.378958063195
16,135,155.728646382279,15.572864638228
16,136,179.080477294963,17.908047729496
16,137,2131.210828846776,213.121082884678
16,138,46.054042172601,4.605404217260
16,139,48.860622704463,4.886062270446
16,140,56.502233946194,5.650223394619
16,141,58.730788098043,5.873078809804
16,142,79.802660578442,7.980266057844
16,143,114.740100031836,11.474010003184
16,144,52.781557962221,5.278155796222
16,145,163.955350151333,16.395535015133
16,146,47.953127499842,4.795312749984
16,147,65.002886810987,6.500288681099
16,148,351.933116360138,35.193311636014
16,149,1392.284159119915,139.228415911992
16,150,774.246845884589,77.424684588459
16,151,654.360649361272,65.436064936127
16,152,293.264991788246,29.326499178825
16,153,229.805087540024,22.980508754002
16,154,157.294069786506,15.729406978651
16,155,440.757461105075,44.075746110508
16,156,474.839430834049,47.483943083405
16,157,223.537880775218,22.353788077522
16,158,584.805455382814,58.480545538281
16,159,406.737223102612,40.673722310261
16,160,1160.816508062636,116.081650806264
16,161,191.411292602062,19.141129260206
16,162,69.067163914192,6.906716391419
16,163,72.645041602512,7.264504160251
16,164,61.093521398827,6.109352139883
16,165,1781.371932189614,178.137193218961
16,166,572.178793688314,57.217879368831
16,167,2377.473206423438,237.747320642344
16,168,151.404086578135,15.140408657814
16,169,42.668270511169,4.266827051117
16,170,187.492531543476,18.749253154348
16,171,52.486099824668,5.248609982467
16,172,553.538685332428,55.353868533243
16,173,57.440323239173,5.744032323917
16,174,416.521507628874,41.652150762887
16,175,188.850551876637,18.885055187664
16,176,547.248649476310,54.724864947631
16,177,699.713900550587,69.971390055059
16,178,790.926836036468,79.092683603647
16,179,422.160836732642,42.216083673264
16,180,394.845207778515,39.484520777851
16,181,357.952619719216,35.795261971922
16,182,646.223631308088,64.622363130809
16,183,292.332648593080,29.233264859308
16,184,577.595966226626,57.759596622663
16,185,330.087228974317,33.008722897432
16,186,494.291913180758,49.429191318076
16,187,68.314735700553,6.831473570055
16,188,62.391906554683,6.239190655468
16,189,113.890298755256,11.389029875526
16,190,204.362686472977,20.436268647298
16,191,284.429900500735,28.442990050074
16,192,142.074520278812,14.207452027881
16,193,40.525364276723,4.052536427672
17,1,71.602146801069,7.160214680107
17,2,86.540419790339,8.654041979034
17,3,396.908000434337,39.690800043434
17,4,92.057513843445,9.205751384345
17,5,103.952965147857,10.395296514786
17,6,88.447453041021,8.844745304102
17,7,596.799751431148,59.679975143115
17,8,1362.295029156370,136.229502915637
17,9,344.891248507296,34.489124850730
17,10,757.712464164217,75.771246416422
17,11,627.599139963189,62.759913996319
17,12,344.371176555484,34.437117655548
17,13,371.171760520288,37.117176052029
17,14,398.054270460907,39.805427046091
17,15,117.752212740596,11.775221274060
17,16,507.281172132532,50.728117213253
17,17,547.005405372867,54.700540537287
17,18,571.096343563853,57.109634356385
17,19,537.649428107007,53.764942810701
17,20,277.652372820600,27.765237282060
17,21,838.077838767395,83.807783876740
17,22,676.767827440440,67.676782744044
17,23,396.038721900777,39.603872190078
17,24,647.927340627305,64.792734062731
17,25,523.961239151279,52.396123915128
17,26,618.425126224034,61.842512622403
17,27,35.226551117669,3.522655111767
17,28,140.204014851095,14.020401485110
17,29,681.841226439219,68.184122643922
17,30,529.777752222285,52.977775222229
17,31,430.861808781975,43.086180878197
17,32,177.645573066429,17.764557306643
17,33,512.273107578696,51.227310757870
17,34,1145.645292832680,114.564529283268
17,35,697.936867611706,69.793686761171
17,36,805.149916274914,80.514991627491
17,37,987.098028876285,98.709802887629
17,38,399.785968250655,39.978596825065
17,39,771.299690722659,77.129969072266
17,40,1169.158972736898,116.915897273690
17,41,211.252872300942,21.125287230094
17,42,1289.278715158537,128.927871515854
17,43,671.985061418877,67.198506141888
17,44,207.326359892987,20.732635989299
17,45,379.604355738931,37.960435573893
17,46,1194.181000028334,119.418100002833
17,47,3024.676738233013,302.467673823301
17,48,210.984666848617,21.098466684862
17,49,431.659797073176,43.165979707318
17,50,513.319185913303,51.331918591330
17,51,2056.485806476184,205.648580647618
17,52,473.257769094250,47.325776909425
17,53,982.197730292994,98.219773029299
17,54,422.009718656143,42.200971865614
17,55,1228.396848185713,122.839684818571
17,56,170.667992426661,17.066799242666
17,57,1934.181114464475,193.418111446448
17,58,1447.874610620813,144.787461062081
17,59,131.471461120830,13.147146112083
17,60,191.462778093187,19.146277809319
17,61,916.617720743045,91.661772074305
17,62,1078.861210356960,107.886121035696
17,63,149.470204946852,14.947020494685
17,64,544.623232290693,54.462323229069
17,65,129.520266455154,12.952026645515
17,66,37.414968881697,3.741496888170
17,67,29.643792971064,2.964379297106
17,68,46.802699206856,4.680269920686
17,69,48.700483993663,4.870048399366
17,70,268.606296165029,26.860629616503
17,71,302.927191457903,30.292719145790
17,72,105.761039835093,10.576103983509
17,73,343.455886914153,34.345588691415
17,74,97.673797671592,9.767379767159
17,75,202.703515225902,20.270351522590
17,76,90.236491306786,9.023649130679
17,77,372.129361883841,37.212936188384
17,78,90.065086442999,9.006508644300
17,79,164.173798165338,16.417379816534
17,80,43.563039382559,4.356303938256
17,81,237.780780722549,23.778078072255
17,82,103.388577639988,10.338857763999
17,83,271.888190641012,27.188819064101
17,84,396.604882030890,39.660488203089
17,85,256.071544795371,25.607154479537
17,86,250.763080673143,25.076308067314
17,87,57.367296559896,5.736729655990
17,88,16.130785335205,1.613078533521
17,89,87.013941140655,8.701394114065
17,90,174.263563969015,17.426356396901
17,91,58.335148304240,5.833514830424
17,92,29.606722045039,2.960672204504
17,93,115.430540026260,11.543054002626
17,94,42.667942220686,4.266794222069
17,95,65.566599277333,6.556659927733
17,96,169.631779120186,16.963177912019
17,97,52.781908171498,5.278190817150
17,98,272.122639200202,27.212263920020
17,99,873.088129971494,87.308812997149
17,100,204.606232526774,20.460623252677
17,101,319.097822258297,31.909782225830
17,102,93.941271793379,9.394127179338
17,103,98.482113414119,9.848211341412
17,104,208.046044523397,20.804604452340
17,105,139.467528844650,13.946752884465
17,106,165.057257676839,16.505725767684
17,107,31.340192457030,3.134019245703
17,108,856.695073614951,85.669507361495
17,109,448.623791932836,44.862379193284
17,110,262.539226793589,26.253922679359
17,111,166.256089806418,16.625608980642
17,112,30.736498977699,3.073649897770
17,113,653.350254489964,65.335025448996
17,114,72.270040033787,7.227004003379
17,115,31.514140648382,3.151414064838
17,116,44.487577487764,4.448757748776
17,117,268.622249765209,26.862224976521
17,118,97.558962578497,9.755896257850
17,119,98.283117299779,9.828311729978
17,120,40.298408705805,4.029840870580
17,121,93.781658721031,9.378165872103
17,122,77.660507202360,7.766050720236
17,123,63.163617151442,6.316361715144
17,124,122.750699182003,12.275069918200
17,125,26.143018183412,2.614301818341
17,126,435.527581735536,43.552758173554
17,127,343.193230540149,34.319323054015
17,128,518.531157729116,51.853115772912
17,129,61.373962321420,6.137396232142
17,130,77.639852299709,7.763985229971
17,131,198.964592493509,19.896459249351
17,132,106.805037265329,10.680503726533
17,133,319.673153781749,31.967315378175
17,134,728.313909626858,72.831390962686
17,135,154.566570964253,15.456657096425
17,136,177.744146277211,17.774414627721
17,137,2115.307346909629,211.530734690963
17,138,45.710378552883,4.571037855288
17,139,48.496015871531,4.849601587153
17,140,56.080604023518,5.608060402352
17,141,58.292528299891,5.829252829989
17,142,79.207158644110,7.920715864411
17,143,113.883888584510,11.388388858451
17,144,52.387692398897,5.238769239890
17,145,162.731885576953,16.273188557695
17,146,47.595292560800,4.759529256080
17,147,64.517823474096,6.451782347410
17,148,349.306927583618,34.930692758362
17,149,1381.894682078867,138.189468207887
17,150,768.469275424757,76.846927542476
17,151,649.477691454603,64.947769145460
17,152,291.076595203276,29.107659520328
17,153,228.090240276070,22.809024027607
17,154,156.120312894973,15.612031289497
17,155,437.468448949887,43.746844894989
17,156,471.296092836184,47.129609283618
17,157,221.869800545399,22.186980054540
17,158,580.441530955187,58.044153095519
17,159,403.702076136755,40.370207613675
17,160,1152.154284636198,115.215428463620
17,161,189.982946802923,18.998294680292
17,162,68.551772204046,6.855177220405
17,163,72.102951119809,7.210295111981
17,164,60.637630456039,6.063763045604
17,165,1768.079011581547,176.807901158155
17,166,567.909091701503,56.790909170150
17,167,2359.732069937724,235.973206993772
17,168,150.274281810106,15.027428181011
17,169,42.349872133975,4.234987213398
17,170,186.093428250461,18.609342825046
17,171,52.094439023579,5.209443902358
17,172,549.408079216627,54.940807921663
17,173,57.011693123966,5.701169312397
17,174,413.413348556412,41.341334855641
17,175,187.441314789466,18.744131478947
17,176,543.164980749465,54.316498074947
17,177,694.492508453683,69.449250845368
17,178,785.024796463351,78.502479646335
17,179,419.010595963088,41.901059596309
17,180,391.898801188947,39.189880118895
17,181,355.281512316323,35.528151231632
17,182,641.401393306686,64.140139330669
17,183,290.151209322216,29.015120932222
17,184,573.285840315328,57.328584031533
17,185,327.624058173652,32.762405817365
17,186,490.603417229750,49.060341722975
17,187,67.804958746275,6.780495874628
17,188,61.926326826255,6.192632682625
17,189,113.040428679262,11.304042867926
17,190,202.837695022597,20.283769502260
17,191,282.307432970178,28.230743297018
17,192,141.014334427464,14.101433442746
17,193,40.222956654705,4.022295665471
18,1,70.327744065499,7.032774406550
18,2,85.000139887496,8.500013988750
18,3,389.843678146231,38.984367814623
18,4,90.419038564236,9.041903856424
18,5,102.102770020006,10.210277002001
18,6,86.873231021913,8.687323102191
18,7,586.177678353867,58.617767835387
18,8,1338.048374700138,133.804837470014
18,9,338.752740512656,33.875274051266
18,10,744.226404314797,74.422640431480
18,11,616.428887442235,61.642888744223
18,12,338.241925002832,33.824192500283
18,13,364.565501796126,36.456550179613
18,14,390.969546414991,39.096954641499
18,15,115.656413260548,11.565641326055
18,16,498.252385394267,49.825238539427
18,17,537.269591348807,53.726959134881
18,18,560.931749693033,56.093174969303
18,19,528.080135389280,52.808013538928
18,20,272.710608372627,27.271060837263
18,21,823.161404860561,82.316140486056
18,22,664.722451579966,66.472245157997
18,23,388.989871368625,38.898987136863
18,24,636.395278919156,63.639527891916
18,25,514.635574121122,51.463557412112
18,26,607.418156352103,60.741815635210
18,27,34.599575319950,3.459957531995
18,28,137.708609502978,13.770860950298
18,29,669.705552258771,66.970555225877
18,30,520.348562640137,52.034856264014
18,31,423.193163464819,42.319316346482
18,32,174.483768366540,17.448376836654
18,33,503.155472440312,50.315547244031
18,34,1125.254654277736,112.525465427774
18,35,685.514716976886,68.551471697689
18,36,790.819546283421,79.081954628342
18,37,969.529275920170,96.952927592017
18,38,392.670422776905,39.267042277691
18,39,757.571800153512,75.757180015351
18,40,1148.349828601717,114.834982860172
18,41,207.492911875380,20.749291187538
18,42,1266.331633333257,126.633163333326
18,43,660.024811080106,66.002481108011
18,44,203.636285055741,20.363628505574
18,45,372.848010419678,37.284801041968
18,46,1172.926504162033,117.292650416203
18,47,2970.842370387483,297.084237038748
18,48,207.229480047554,20.722948004755
18,49,423.976948851405,42.397694885140
18,50,504.182932267643,50.418293226764
18,51,2019.883675750762,201.988367575076
18,52,464.834544058288,46.483454405829
18,53,964.716194748628,96.471619474863
18,54,414.498626266881,41.449862626688
18,55,1206.533365404358,120.653336540436
18,56,167.630377408957,16.763037740896
18,57,1899.755810008044,189.975581000804
18,58,1422.104777634329,142.210477763433
18,59,129.131481145548,12.913148114555
18,60,188.055049427738,18.805504942774
18,61,900.303403603475,90.030340360348
18,62,1059.659220763004,105.965922076300
18,63,146.809876359224,14.680987635922
18,64,534.929817105609,53.492981710561
18,65,127.215014598100,12.721501459810
18,66,36.749042777183,3.674904277718
18,67,29.116181264674,2.911618126467
18,68,45.969686642764,4.596968664276
18,69,47.833693921049,4.783369392105
18,70,263.825537292323,26.382553729232
18,71,297.535576000548,29.753557600055
18,72,103.878663893811,10.387866389381
18,73,337.342926040969,33.734292604097
18,74,95.935361597991,9.593536159799
18,75,199.095719568166,19.909571956817
18,76,88.630427291846,8.863042729185
18,77,365.506059399794,36.550605939979
18,78,88.462073158200,8.846207315820
18,79,161.251769331872,16.125176933187
18,80,42.787687538527,4.278768753853
18,81,233.548666310384,23.354866631038
18,82,101.548427699551,10.154842769955
18,83,267.049019339561,26.704901933956
18,84,389.545954761505,38.954595476151
18,85,251.513884281428,25.151388428143
18,86,246.299902259266,24.629990225927
18,87,56.346251201140,5.634625120114
18,88,15.843683371417,1.584368337142
18,89,85.465233321454,8.546523332145
18,90,171.161953576673,17.116195357667
18,91,57.296876745353,5.729687674535
18,92,29.079770141344,2.907977014134
18,93,113.376062576213,11.337606257621
18,94,41.908521662553,4.190852166255
18,95,64.399619553760,6.439961955376
18,96,166.612607028168,16.661260702817
18,97,51.842475330899,5.184247533090
18,98,267.279295092508,26.727929509251
18,99,857.548569344626,85.754856934463
18,100,200.964571569720,20.096457156972
18,101,313.418395652134,31.341839565213
18,102,92.269268660721,9.226926866072
18,103,96.729290623927,9.672929062393
18,104,204.343160460414,20.434316046041
18,105,136.985231759667,13.698523175967
18,106,162.119504688882,16.211950468888
18,107,30.782387575685,3.078238757568
18,108,841.447282953068,84.144728295307
18,109,440.639011961514,44.063901196151
18,110,257.866451970934,25.786645197093
18,111,163.296999539990,16.329699953999
18,112,30.189438866668,3.018943886667
18,113,641.721673660950,64.172167366095
18,114,70.983749875831,7.098374987583
18,115,30.953239769767,3.095323976977
18,116,43.695770356522,4.369577035652
18,117,263.841206944151,26.384120694415
18,118,95.822570384352,9.582257038435
18,119,96.533836319487,9.653383631949
18,120,39.581162022736,3.958116202274
18,121,92.112496443643,9.211249644364
18,122,76.278275422363,7.627827542236
18,123,62.039406634265,6.203940663427
18,124,120.565934704686,12.056593470469
18,125,25.677714622311,2.567771462231
18,126,427.775893184606,42.777589318461
18,127,337.084944526819,33.708494452682
18,128,509.302139390825,50.930213939082
18,129,60.281604773923,6.028160477392
18,130,76.257988143668,7.625798814367
18,131,195.423343630403,19.542334363040
18,132,104.904079853511,10.490407985351
18,133,313.983487202343,31.398348720234
18,134,715.351096635221,71.535109663522
18,135,151.815535280759,15.181553528076
18,136,174.580587133147,17.458058713315
18,137,2077.658287629857,207.765828762986
18,138,44.896807534774,4.489680753477
18,139,47.632865001731,4.763286500173
18,140,55.082459716777,5.508245971678
18,141,57.255015308345,5.725501530834
18,142,77.797398962837,7.779739896284
18,143,111.856939035741,11.185693903574
18,144,51.455275963272,5.145527596327
18,145,159.835520462093,15.983552046209
18,146,46.748173113275,4.674817311327
18,147,63.369510268392,6.336951026839
18,148,343.089827622875,34.308982762288
18,149,1357.299185410262,135.729918541026
18,150,754.791761683115,75.479176168312
18,151,637.918036002081,63.791803600208
18,152,285.895901247018,28.589590124702
18,153,224.030601855281,22.403060185528
18,154,153.341623110934,15.334162311093
18,155,429.682216092706,42.968221609271
18,156,462.907782473892,46.290778247389
18,157,217.920875919704,21.792087591970
18,158,570.110607820400,57.011060782040
18,159,396.516830258398,39.651683025840
18,160,1131.647796524630,113.164779652463
18,161,186.601556747818,18.660155674782
18,162,67.331661216765,6.733166121676
18,163,70.819634875046,7.081963487505
18,164,59.558378428214,5.955837842821
18,165,1736.610056672649,173.661005667265
18,166,557.801225773543,55.780122577354
18,167,2317.732644787869,231.773264478787
18,168,147.599641951099,14.759964195110
18,169,41.596112710413,4.159611271041
18,170,182.781265352708,18.278126535271
18,171,51.167242025087,5.116724202509
18,172,539.629501473099,53.962950147310
18,173,55.996976932866,5.599697693287
18,174,406.055257690994,40.605525769099
18,175,184.105161685144,18.410516168514
18,176,533.497520089997,53.349752009000
18,177,682.131661856932,68.213166185693
18,178,771.052621147399,77.105262114740
18,179,411.552883120879,41.155288312088
18,180,384.923634568743,38.492363456874
18,181,348.958074382943,34.895807438294
18,182,629.985482936019,62.998548293602
18,183,284.986985742210,28.498698574221
18,184,563.082276933477,56.308227693348
18,185,321.792878319018,32.179287831902
18,186,481.871467631444,48.187146763144
18,187,66.598139834107,6.659813983411
18,188,60.824138081407,6.082413808141
18,189,111.028491356501,11.102849135650
18,190,199.227511180880,19.922751118088
18,191,277.282815959065,27.728281595907
18,192,138.504506697743,13.850450669774
18,193,39.507052896458,3.950705289646
19,1,69.775991156995,6.977599115700
19,2,84.333275408486,8.433327540849
19,3,386.785178458276,38.678517845828
19,4,89.709660378219,8.970966037822
19,5,101.301727684960,10.130172768496
19,6,86.191671297165,8.619167129717
19,7,581.578849780178,58.157884978018
19,8,1327.550781008359,132.755078100836
19,9,336.095072300417,33.609507230042
19,10,738.387612119454,73.838761211945
19,11,611.592724473393,61.159272447339
19,12,335.588264368925,33.558826436892
19,13,361.705320815934,36.170532081593
19,14,387.902213782087,38.790221378209
19,15,114.749036474168,11.474903647417
19,16,494.343370446282,49.434337044628
19,17,533.054468801992,53.305446880199
19,18,556.530986829422,55.653098682942
19,19,523.937108273942,52.393710827394
19,20,270.571070508180,27.057107050818
19,21,816.703331943042,81.670333194304
19,22,659.507403793631,65.950740379363
19,23,385.938070180376,38.593807018038
19,24,631.402470593406,63.140247059341
19,25,510.598025659789,51.059802565979
19,26,602.652686637435,60.265268663744
19,27,34.328126028218,3.432812602822
19,28,136.628223279464,13.662822327946
19,29,664.451409797504,66.445140979750
19,30,516.266193204188,51.626619320419
19,31,419.873022005668,41.987302200567
19,32,173.114864416014,17.311486441601
19,33,499.207990560476,49.920799056048
19,34,1116.426523409120,111.642652340912
19,35,680.136544479819,68.013654447982
19,36,784.615209850322,78.461520985032
19,37,961.922880962159,96.192288096216
19,38,389.589746000915,38.958974600092
19,39,751.628307301736,75.162830730174
19,40,1139.340505661964,113.934050566196
19,41,205.865036288834,20.586503628883
19,42,1256.396689861008,125.639668986101
19,43,654.846618404699,65.484661840470
19,44,202.038666448045,20.203866644805
19,45,369.922849419387,36.992284941939
19,46,1163.724366104977,116.372436610498
19,47,2947.534770515663,294.753477051566
19,48,205.603671202648,20.560367120265
19,49,420.650658241980,42.065065824198
19,50,500.227389501514,50.022738950151
19,51,2004.036776241287,200.403677624129
19,52,461.187707165325,46.118770716532
19,53,957.147560585741,95.714756058574
19,54,411.246697378043,41.124669737804
19,55,1197.067566345765,119.706756634576
19,56,166.315241405124,16.631524140512
19,57,1884.851367848746,188.485136784875
19,58,1410.947723506083,141.094772350608
19,59,128.118386366977,12.811838636698
19,60,186.579672649210,18.657967264921
19,61,893.240116872551,89.324011687255
19,62,1051.345715689758,105.134571568976
19,63,145.658086587570,14.565808658757
19,64,530.733051144251,53.073305114425
19,65,126.216955364971,12.621695536497
19,66,36.460729942662,3.646072994266
19,67,28.887751675317,2.888775167532
19,68,45.609033693558,4.560903369356
19,69,47.458416993058,4.745841699306
19,70,261.755706822531,26.175570682253
19,71,295.201275055409,29.520127505541
19,72,103.063688869424,10.306368886942
19,73,334.696318459858,33.469631845986
19,74,95.182705366893,9.518270536689
19,75,197.533723747000,19.753372374700
19,76,87.935081568903,8.793508156890
19,77,362.638499320495,36.263849932050
19,78,87.768048249455,8.776804824946
19,79,159.986676388647,15.998667638865
19,80,42.451998809118,4.245199880912
19,81,231.716371564887,23.171637156489
19,82,100.751734430321,10.075173443032
19,83,264.953899197555,26.495389919755
19,84,386.489790847941,38.648979084794
19,85,249.540644288801,24.954064428880
19,86,244.367568309964,24.436756830996
19,87,55.904189417464,5.590418941746
19,88,15.719382521194,1.571938252119
19,89,84.794719974444,8.479471997444
19,90,169.819110763130,16.981911076313
19,91,56.847356875031,5.684735687503
19,92,28.851626213691,2.885162621369
19,93,112.486576170637,11.248657617064
19,94,41.579730386427,4.157973038643
19,95,63.894375458881,6.389437545888
19,96,165.305455892543,16.530545589254
19,97,51.435747702592,5.143574770259
19,98,265.182368333239,26.518236833324
19,99,850.820713594295,85.082071359429
19,100,199.387913760727,19.938791376073
19,101,310.959486814984,31.095948681498
19,102,91.545374584130,9.154537458413
19,103,95.970405661123,9.597040566112
19,104,202.739996095981,20.273999609598
19,105,135.910520761188,13.591052076119
19,106,160.847603969958,16.084760396996
19,107,30.540885845446,3.054088584545
19,108,834.845749064974,83.484574906497
19,109,437.181999943278,43.718199994328
19,110,255.843373216297,25.584337321630
19,111,162.015860842264,16.201586084226
19,112,29.952589086797,2.995258908680
19,113,636.687077363330,63.668707736333
19,114,70.426850305527,7.042685030553
19,115,30.710397626918,3.071039762692
19,116,43.352957307364,4.335295730736
19,117,261.771253538864,26.177125353886
19,118,95.070799051255,9.507079905125
19,119,95.776484783958,9.577648478396
19,120,39.270629933896,3.927062993390
19,121,91.389832315885,9.138983231589
19,122,75.679837908419,7.567983790842
19,123,61.552679475486,6.155267947549
19,124,119.620040505694,11.962004050569
19,125,25.476261356393,2.547626135639
19,126,424.419798141484,42.441979814148
19,127,334.440360927177,33.444036092718
19,128,505.306434133250,50.530643413325
19,129,59.808668364470,5.980866836447
19,130,75.659709792585,7.565970979259
19,131,193.890159256721,19.389015925672
19,132,104.081059977896,10.408105997790
19,133,311.520144966816,31.152014496682
19,134,709.738844267194,70.973884426719
19,135,150.624473854571,15.062447385457
19,136,173.210923595678,17.321092359568
19,137,2061.358120202215,206.135812020222
19,138,44.544571806627,4.454457180663
19,139,47.259163667295,4.725916366730
19,140,54.650312947958,5.465031294796
19,141,56.805823859898,5.680582385990
19,142,77.187043238761,7.718704323876
19,143,110.979370840296,11.097937084030
19,144,51.051586088845,5.105158608884
19,145,158.581538630755,15.858153863075
19,146,46.381412586186,4.638141258619
19,147,62.872347846000,6.287234784600
19,148,340.398133003856,34.039813300386
19,149,1346.650560415809,134.665056041581
19,150,748.870079488459,74.887007948846
19,151,632.913280959418,63.291328095942
19,152,283.652918806185,28.365291880619
19,153,222.272980623291,22.227298062329
19,154,152.138588836618,15.213858883662
19,155,426.311165085574,42.631116508557
19,156,459.276061895582,45.927606189558
19,157,216.211188246510,21.621118824651
19,158,565.637832670090,56.563783267009
19,159,393.405976678879,39.340597667888
19,160,1122.769508568281,112.276950856828
19,161,185.137583275685,18.513758327569
19,162,66.803413931083,6.680341393108
19,163,70.264022861029,7.026402286103
19,164,59.091116056015,5.909111605601
19,165,1722.985566616307,172.298556661631
19,166,553.425023283659,55.342502328366
19,167,2299.548985623374,229.954898562337
19,168,146.441656111760,14.644165611176
19,169,41.269772423584,4.126977242358
19,170,181.347263791611,18.134726379161
19,171,50.765811906965,5.076581190696
19,172,535.395864365748,53.539586436575
19,173,55.557655363537,5.555765536354
19,174,402.869570841214,40.286957084121
19,175,182.660773559519,18.266077355952
19,176,529.311991145476,52.931199114548
19,177,676.780030954890,67.678003095489
19,178,765.003365167696,76.500336516770
19,179,408.324064917163,40.832406491716
19,180,381.903734844287,38.190373484429
19,181,346.220340718300,34.622034071830
19,182,625.042962354084,62.504296235408
19,183,282.751134153932,28.275113415393
19,184,558.664642212600,55.866464221260
19,185,319.268267883869,31.926826788387
19,186,478.090968380070,47.809096838007
19,187,66.075647354891,6.607564735489
19,188,60.346945253176,6.034694525318
19,189,110.157422707185,11.015742270718
19,190,197.664481395002,19.766448139500
19,191,275.107407061533,27.510740706153
19,192,137.417876301350,13.741787630135
19,193,39.197102227178,3.919710222718
20,1,70.079943533583,7.007994353358
20,2,84.700641017499,8.470064101750
20,3,388.470059923544,38.847005992354
20,4,90.100446148834,9.010044614883
20,5,101.743009856257,10.174300985626
20,6,86.567132295976,8.656713229598
20,7,584.112275255506,58.411227525551
20,8,1333.333747444760,133.333374744476
20,9,337.559141735920,33.755914173592
20,10,741.604114899632,74.160411489963
20,11,614.256893896494,61.425689389649
20,12,337.050126089817,33.705012608982
20,13,363.280951488651,36.328095148865
20,14,389.591961183842,38.959196118384
20,15,115.248896694983,11.524889669498
20,16,496.496787972937,49.649678797294
20,17,535.376516399684,53.537651639968
20,18,558.955300884818,55.895530088482
20,19,526.219439583055,52.621943958306
20,20,271.749709729966,27.174970972997
20,21,820.260987156454,82.026098715645
20,22,662.380295162651,66.238029516265
20,23,387.619261542930,38.761926154293
20,24,634.152933587015,63.415293358702
20,25,512.822250365258,51.282225036526
20,26,605.277912210339,60.527791221034
20,27,34.477663359282,3.447766335928
20,28,137.223391796400,13.722339179640
20,29,667.345837834795,66.734583783479
20,30,518.515109110274,51.851510911027
20,31,421.702037986483,42.170203798648
20,32,173.868973008228,17.386897300823
20,33,501.382598941182,50.138259894118
20,34,1121.289807892052,112.128980789205
20,35,683.099298797893,68.309929879789
20,36,788.033085451741,78.803308545174
20,37,966.113129512036,96.611312951204
20,38,391.286844490343,39.128684449034
20,39,754.902488098400,75.490248809840
20,40,1144.303606130987,114.430360613099
20,41,206.761808459297,20.676180845930
20,42,1261.869700756119,126.186970075612
20,43,657.699206847567,65.769920684757
20,44,202.918770504055,20.291877050405
20,45,371.534276607601,37.153427660760
20,46,1168.793685521364,116.879368552136
20,47,2960.374576639741,296.037457663974
20,48,206.499304836236,20.649930483624
20,49,422.483061697171,42.248306169717
20,50,502.406438503209,50.240643850321
20,51,2012.766594776373,201.276659477637
20,52,463.196694745741,46.319669474574
20,53,961.317007281668,96.131700728167
20,54,413.038136080079,41.303813608008
20,55,1202.282132641318,120.228213264132
20,56,167.039730044403,16.703973004440
20,57,1893.062000808182,189.306200080818
20,58,1417.093976775848,141.709397677585
20,59,128.676485039243,12.867648503924
20,60,187.392435520566,18.739243552057
20,61,897.131175270782,89.713117527078
20,62,1055.925500564179,105.592550056418
20,63,146.292590244964,14.629259024496
20,64,533.044986375177,53.304498637518
20,65,126.766771181451,12.676677118145
20,66,36.619557145750,3.661955714575
20,67,29.013590099542,2.901359009954
20,68,45.807711977524,4.580771197752
20,69,47.665151406928,4.766515140693
20,70,262.895945289296,26.289594528930
20,71,296.487206328284,29.648720632828
20,72,103.512646349672,10.351264634967
20,73,336.154294760072,33.615429476007
20,74,95.597332361458,9.559733236146
20,75,198.394203745828,19.839420374583
20,76,88.318137066720,8.831813706672
20,77,364.218195027897,36.421819502790
20,78,88.150376130600,8.815037613060
20,79,160.683597058698,16.068359705870
20,80,42.636924679965,4.263692467997
20,81,232.725755174685,23.272575517468
20,82,101.190620766689,10.119062076669
20,83,266.108069364279,26.610806936428
20,84,388.173385570237,38.817338557024
20,85,250.627672514828,25.062767251483
20,86,245.432062012124,24.543206201212
20,87,56.147714603604,5.614771460360
20,88,15.787857989569,1.578785798957
20,89,85.164095689943,8.516409568994
20,90,170.558862667051,17.055886266705
20,91,57.094990608903,5.709499060890
20,92,28.977307271182,2.897730727118
20,93,112.976580849815,11.297658084981
20,94,41.760856554026,4.176085655403
20,95,64.172706829733,6.417270682973
20,96,166.025545788053,16.602554578805
20,97,51.659807834115,5.165980783412
20,98,266.337533738234,26.633753373823
20,99,854.526988111623,85.452698811162
20,100,200.256470828071,20.025647082807
20,101,312.314062700936,31.231406270094
20,102,91.944156940482,9.194415694048
20,103,96.388463970278,9.638846397028
20,104,203.623155225945,20.362315522594
20,105,136.502562882031,13.650256288203
20,106,161.548274941223,16.154827494122
20,107,30.673925515422,3.067392551542
20,108,838.482434768814,83.848243476881
20,109,439.086415855980,43.908641585598
20,110,256.957856866528,25.695785686653
20,111,162.721620877073,16.272162087707
20,112,30.083066067301,3.008306606730
20,113,639.460560721975,63.946056072197
20,114,70.733637900673,7.073363790067
20,115,30.844175710036,3.084417571004
20,116,43.541807858781,4.354180785878
20,117,262.911559728944,26.291155972894
20,118,95.484938568823,9.548493856882
20,119,96.193698351097,9.619369835110
20,120,39.441697389915,3.944169738992
20,121,91.787937111929,9.178793711193
20,122,76.009508131809,7.600950813181
20,123,61.820810144813,6.182081014481
20,124,120.141119389652,12.014111938965
20,125,25.587238929875,2.558723892987
20,126,426.268620410814,42.626862041081
20,127,335.897222246449,33.589722224645
20,128,507.507608047268,50.750760804727
20,129,60.069201917465,6.006920191747
20,130,75.989292335549,7.598929233555
20,131,194.734767462577,19.473476746258
20,132,104.534449245658,10.453444924566
20,133,312.877163145237,31.287716314524
20,134,712.830549664625,71.283054966462
20,135,151.280611675635,15.128061167564
20,136,173.965450632912,17.396545063291
20,137,2070.337637214346,207.033763721435
20,138,44.738613170142,4.473861317014
20,139,47.465030110380,4.746503011038
20,140,54.888376101577,5.488837610158
20,141,57.053276671099,5.705327667110
20,142,77.523279024812,7.752327902481
20,143,111.462809956813,11.146280995681
20,144,51.273972767456,5.127397276746
20,145,159.272338356426,15.927233835643
20,146,46.583455442923,4.658345544292
20,147,63.146227145061,6.314622714506
20,148,341.880947074953,34.188094707495
20,149,1352.516727724700,135.251672772470
20,150,752.132245122241,75.213224512224
20,151,635.670325219646,63.567032521965
20,152,284.888544088857,28.488854408886
20,153,223.241227717905,22.324122771790
20,154,152.801322319594,15.280132231959
20,155,428.168226370475,42.816822637048
20,156,461.276722125668,46.127672212567
20,157,217.153029464708,21.715302946471
20,158,568.101817210858,56.810181721086
20,159,395.119699115384,39.511969911538
20,160,1127.660423836270,112.766042383627
20,161,185.944064237104,18.594406423710
20,162,67.094417413681,6.709441741368
20,163,70.570101160786,7.057010116079
20,164,59.348523867249,5.934852386725
20,165,1730.491093218142,173.049109321814
20,166,555.835807398662,55.583580739866
20,167,2309.566089897620,230.956608989762
20,168,147.079573089626,14.707957308963
20,169,41.449548378055,4.144954837805
20,170,182.137233678145,18.213723367815
20,171,50.986953719825,5.098695371982
20,172,537.728111356302,53.772811135630
20,173,55.799671006818,5.579967100682
20,174,404.624517800495,40.462451780050
20,175,183.456465248194,18.345646524819
20,176,531.617736072878,53.161773607288
20,177,679.728163907564,67.972816390756
20,178,768.335809280408,76.833580928041
20,179,410.102772290449,41.010277229045
20,180,383.567352170371,38.356735217037
20,181,347.728517007008,34.772851700701
20,182,627.765722586168,62.776572258617
20,183,283.982831157209,28.398283115721
20,184,561.098250720340,56.109825072034
20,185,320.659037791728,32.065903779173
20,186,480.173588542884,48.017358854288
20,187,66.363480601184,6.636348060118
20,188,60.609823603241,6.060982360324
20,189,110.637281321521,11.063728132152
20,190,198.525530989436,19.852553098944
20,191,276.305807095793,27.630580709579
20,192,138.016484639185,13.801648463919
20,193,39.367849387910,3.936784938791
21,1,68.834837412624,6.883483741262
21,2,83.195769848052,8.319576984805
21,3,381.568135848957,38.156813584896
21,4,88.499636967998,8.849963696800
21,5,99.935347949737,9.993534794974
21,6,85.029099288801,8.502909928880
21,7,573.734387766208,57.373438776621
21,8,1309.644487343843,130.964448734384
21,9,331.561748867593,33.156174886759
21,10,728.428079414567,72.842807941457
21,11,603.343428789816,60.334342878982
21,12,331.061776871708,33.106177687171
21,13,356.826560781135,35.682656078114
21,14,382.670104357375,38.267010435737
21,15,113.201276513328,11.320127651333
21,16,487.675559550496,48.767555955050
21,17,525.864514192270,52.586451419227
21,18,549.024375838615,54.902437583861
21,19,516.870130605966,51.687013060597
21,20,266.921549062407,26.692154906241
21,21,805.687459776214,80.568745977621
21,22,650.611824494372,65.061182449437
21,23,380.732453551746,38.073245355175
21,24,622.885976745721,62.288597674572
21,25,503.710968439243,50.371096843924
21,26,594.523976128566,59.452397612857
21,27,33.865100798292,3.386510079829
21,28,134.785352088468,13.478535208847
21,29,655.489144669989,65.548914466999
21,30,509.302682507027,50.930268250703
21,31,414.209683366275,41.420968336627
21,32,170.779853473855,17.077985347386
21,33,492.474564610578,49.247456461058
21,34,1101.367919648717,110.136791964872
21,35,670.962714844333,67.096271484433
21,36,774.032149253156,77.403214925316
21,37,948.948255934222,94.894825593422
21,38,384.334874774612,38.433487477461
21,39,741.490181220498,74.149018122050
21,40,1123.972833125349,112.397283312535
21,41,203.088283905587,20.308828390559
21,42,1239.450138053257,123.945013805326
21,43,646.013904792446,64.601390479245
21,44,199.313524973413,19.931352497341
21,45,364.933249571549,36.493324957155
21,46,1148.027798755439,114.802779875544
21,47,2907.777780468821,290.777778046882
21,48,202.830444168530,20.283044416853
21,49,414.976830675901,41.497683067590
21,50,493.480213676989,49.348021367699
21,51,1977.005892343489,197.700589234349
21,52,454.967107066927,45.496710706693
21,53,944.237346117632,94.423734611763
21,54,405.699712481374,40.569971248137
21,55,1180.921258659535,118.092125865953
21,56,164.071945256991,16.407194525699
21,57,1859.428082661094,185.942808266109
21,58,1391.916553743077,139.191655374308
21,59,126.390297707071,12.639029770707
21,60,184.063045445127,18.406304544513
21,61,881.191899904536,88.119189990454
21,62,1037.164936018360,103.716493601836
21,63,143.693418636360,14.369341863636
21,64,523.574408320784,52.357440832078
21,65,124.514513619962,12.451451361996
21,66,35.968939687316,3.596893968732
21,67,28.498107397895,2.849810739789
21,68,44.993849127548,4.499384912755
21,69,46.818287542880,4.681828754288
21,70,258.225088919412,25.822508891941
21,71,291.219536053857,29.121953605386
21,72,101.673543418534,10.167354341853
21,73,330.181861723052,33.018186172305
21,74,93.898860335527,9.389886033553
21,75,194.869345919304,19.486934591930
21,76,86.748994063617,8.674899406362
21,77,357.747152371070,35.774715237107
21,78,86.584213725911,8.658421372591
21,79,157.828741301863,15.782874130186
21,80,41.879397016256,4.187939701626
21,81,228.590930749007,22.859093074901
21,82,99.392773123734,9.939277312373
21,83,261.380143380104,26.138014338010
21,84,381.276732490954,38.127673249095
21,85,246.174785805802,24.617478580580
21,86,241.071485400865,24.107148540087
21,87,55.150141551946,5.515014155195
21,88,15.507356070925,1.550735607093
21,89,83.650990349346,8.365099034935
21,90,167.528553663037,16.752855366304
21,91,56.080587361714,5.608058736171
21,92,28.462469204353,2.846246920435
21,93,110.969332766435,11.096933276644
21,94,41.018893939759,4.101889393976
21,95,63.032554226243,6.303255422624
21,96,163.075779951025,16.307577995102
21,97,50.741971150771,5.074197115077
21,98,261.605530874395,26.160553087439
21,99,839.344658763533,83.934465876353
21,100,196.698526214857,19.669852621486
21,101,306.765197625949,30.676519762595
21,102,90.310590661448,9.031059066145
21,103,94.675935956871,9.467593595687
21,104,200.005394934523,20.000539493452
21,105,134.077330097853,13.407733009785
21,106,158.678056504714,15.867805650471
21,107,30.128943734796,3.012894373480
21,108,823.585168030193,82.358516803019
21,109,431.285194044916,43.128519404492
21,110,252.392502154739,25.239250215474
21,111,159.830555674241,15.983055567424
21,112,29.548582050778,2.954858205078
21,113,628.099303590179,62.809930359018
21,114,69.476917631404,6.947691763140
21,115,30.296169104493,3.029616910449
21,116,42.768203190326,4.276820319033
21,117,258.240425938254,25.824042593825
21,118,93.788463436613,9.378846343661
21,119,94.484630726674,9.448463072667
21,120,38.740939136341,3.874093913634
21,121,90.157146381148,9.015714638115
21,122,74.659051795030,7.465905179503
21,123,60.722443547570,6.072244354757
21,124,118.006579383078,11.800657938308
21,125,25.132632002363,2.513263200236
21,126,418.695131596688,41.869513159669
21,127,329.929356601241,32.992935660124
21,128,498.490751050087,49.849075105009
21,129,59.001956037727,5.900195603773
21,130,74.639195171601,7.463919517160
21,131,191.274926619311,19.127492661931
21,132,102.677192004226,10.267719200423
21,133,307.318293498692,30.731829349869
21,134,700.165732373945,70.016573237395
21,135,148.592818191762,14.859281819176
21,136,170.874616986412,17.087461698641
21,137,2033.554073550198,203.355407355020
21,138,43.943744934059,4.394374493406
21,139,46.621721789311,4.662172178931
21,140,53.913177640968,5.391317764097
21,141,56.039614552923,5.603961455292
21,142,76.145927612073,7.614592761207
21,143,109.482456949393,10.948245694939
21,144,50.362991192421,5.036299119242
21,145,156.442556347654,15.644255634765
21,146,45.755810005686,4.575581000569
21,147,62.024311944086,6.202431194409
21,148,335.806768952387,33.580676895239
21,149,1328.486644772616,132.848664477262
21,150,738.769156983856,73.876915698386
21,151,624.376408972929,62.437640897293
21,152,279.826946545387,27.982694654539
21,153,219.274914318283,21.927491431828
21,154,150.086510461624,15.008651046162
21,155,420.560987372080,42.056098737208
21,156,453.081246484348,45.308124648435
21,157,213.294884715465,21.329488471546
21,158,558.008386561928,55.800838656193
21,159,388.099631303197,38.809963130320
21,160,1107.625349244510,110.762534924451
21,161,182.640407286714,18.264040728671
21,162,65.902354954843,6.590235495484
21,163,69.316286438891,6.931628643889
21,164,58.294082230868,5.829408223087
21,165,1699.745562560024,169.974556256002
21,166,545.960306204676,54.596030620468
21,167,2268.532168774200,226.853216877420
21,168,144.466419204389,14.446641920439
21,169,40.713116757332,4.071311675733
21,170,178.901212456203,17.890121245620
21,171,50.081071594859,5.008107159486
21,172,528.174328503429,52.817432850343
21,173,54.808281624707,5.480828162471
21,174,397.435578449223,39.743557844922
21,175,180.197005318684,18.019700531868
21,176,522.172515888339,52.217251588834
21,177,667.651474703841,66.765147470384
21,178,754.684833397009,75.468483339701
21,179,402.816501122774,40.281650112277
21,180,376.752534208103,37.675253420810
21,181,341.550445462902,34.155044546290
21,182,616.612246936666,61.661224693667
21,183,278.937325360652,27.893732536065
21,184,551.129252013934,55.112925201393
21,185,314.961908048695,31.496190804869
21,186,471.642373418102,47.164237341810
21,187,65.184404652514,6.518440465251
21,188,59.532972530688,5.953297253069
21,189,108.671595431468,10.867159543147
21,190,194.998339879712,19.499833987971
21,191,271.396698521717,27.139669852172
21,192,135.564354098653,13.556435409865
21,193,38.668403187324,3.866840318732
22,1,67.151502764779,6.715150276478
22,2,81.161243041519,8.116124304152
22,3,372.237005163806,37.223700516381
22,4,86.335405732338,8.633540573234
22,5,97.491459940823,9.749145994082
22,6,82.949738978121,8.294973897812
22,7,559.703890856656,55.970389085666
22,8,1277.617536677995,127.761753667799
22,9,323.453508901492,32.345350890149
22,10,710.614596146032,71.061459614603
22,11,588.588851944610,58.858885194461
22,12,322.965763566049,32.296576356605
22,13,348.100477657937,34.810047765794
22,14,373.312025373355,37.331202537336
22,15,110.432974326559,11.043297432656
22,16,475.749604653881,47.574960465388
22,17,513.004660227540,51.300466022754
22,18,535.598154624190,53.559815462419
22,19,504.230231508509,50.423023150851
22,20,260.394065179501,26.039406517950
22,21,785.984622269007,78.598462226901
22,22,634.701313659513,63.470131365951
22,23,371.421759218570,37.142175921857
22,24,607.653492937734,60.765349293773
22,25,491.392872580443,49.139287258044
22,26,579.985076268993,57.998507626899
22,27,33.036940237894,3.303694023789
22,28,131.489218012746,13.148921801275
22,29,639.459360479532,63.945936047953
22,30,496.847843011066,49.684784301107
22,31,404.080313737580,40.408031373758
22,32,166.603485005324,16.660348500532
22,33,480.431251530281,48.043125153028
22,34,1074.434307994246,107.443430799425
22,35,654.554529283590,65.455452928359
22,36,755.103432568990,75.510343256899
22,37,925.742019989316,92.574201998932
22,38,374.936084345207,37.493608434521
22,39,723.357268294393,72.335726829439
22,40,1096.486425306945,109.648642530694
22,41,198.121822768758,19.812182276876
22,42,1209.139768477527,120.913976847753
22,43,630.215834661061,63.021583466106
22,44,194.439374398163,19.443937439816
22,45,356.008919882611,35.600891988261
22,46,1119.953134196408,111.995313419641
22,47,2836.668974665195,283.666897466520
22,48,197.870288422681,19.787028842268
22,49,404.828700697146,40.482870069715
22,50,481.412307759973,48.141230775997
22,51,1928.658825034717,192.865882503472
22,52,443.841027254101,44.384102725410
22,53,921.146314014490,92.114631401449
22,54,395.778451557242,39.577845155724
22,55,1152.042194717497,115.204219471750
22,56,160.059616608129,16.005961660813
22,57,1813.956344303412,181.395634430341
22,58,1357.877665152693,135.787766515269
22,59,123.299462088379,12.329946208838
22,60,179.561840627450,17.956184062745
22,61,859.642624678993,85.964262467899
22,62,1011.801388460827,101.180138846083
22,63,140.179440549829,14.017944054983
22,64,510.770558186463,51.077055818646
22,65,121.469549720655,12.146954972065
22,66,35.089330397924,3.508933039792
22,67,27.801195000277,2.780119500028
22,68,43.893538470572,4.389353847057
22,69,45.673360809032,4.567336080903
22,70,251.910274278166,25.191027427817
22,71,284.097852418136,28.409785241814
22,72,99.187148377318,9.918714837732
22,73,322.107366470064,32.210736647006
22,74,91.602592763215,9.160259276322
22,75,190.103876367562,19.010387636756
22,76,84.627574258445,8.462757425844
22,77,348.998556465417,34.899855646542
22,78,84.466823572904,8.446682357290
22,79,153.969088273751,15.396908827375
22,80,40.855249321888,4.085524932189
22,81,223.000810275468,22.300081027547
22,82,96.962153614288,9.696215361429
22,83,254.988172858359,25.498817285836
22,84,371.952727984746,37.195272798475
22,85,240.154657598210,24.015465759821
22,86,235.176156825448,23.517615682545
22,87,53.801461906618,5.380146190662
22,88,15.128128476993,1.512812847699
22,89,81.605331266321,8.160533126632
22,90,163.431694725258,16.343169472526
22,91,54.709153952036,5.470915395204
22,92,27.766428327729,2.776642832773
22,93,108.255612073318,10.825561207332
22,94,40.015789581842,4.001578958184
22,95,61.491112618193,6.149111261819
22,96,159.087812216454,15.908781221645
22,97,49.501091948485,4.950109194849
22,98,255.208048571224,25.520804857122
22,99,818.818744870380,81.881874487038
22,100,191.888324625031,19.188832462503
22,101,299.263349647120,29.926334964712
22,102,88.102073113618,8.810207311362
22,103,92.360665240706,9.236066524071
22,104,195.114324893476,19.511432489348
22,105,130.798510480812,13.079851048081
22,106,154.797633736137,15.479763373614
22,107,29.392149739225,2.939214973923
22,108,803.444647606117,80.344464760612
22,109,420.738248086627,42.073824808663
22,110,246.220321617917,24.622032161792
22,111,155.921948895117,15.592194889512
22,112,28.825980620595,2.882598062059
22,113,612.739329487486,61.273932948749
22,114,67.777881110501,6.777788111050
22,115,29.555285664254,2.955528566425
22,116,41.722320016014,4.172232001601
22,117,251.925236234958,25.192523623496
22,118,91.494895586302,9.149489558630
22,119,92.174038320714,9.217403832071
22,120,37.793541458224,3.779354145822
22,121,87.952381265707,8.795238126571
22,122,72.833287786778,7.283328778678
22,123,59.237494981298,5.923749498130
22,124,115.120765001639,11.512076500164
22,125,24.518021264089,2.451802126409
22,126,408.456071719549,40.845607171955
22,127,321.861036282867,32.186103628287
22,128,486.300313992131,48.630031399213
22,129,57.559081461099,5.755908146110
22,130,72.813916750930,7.281391675093
22,131,186.597357479250,18.659735747925
22,132,100.166253047428,10.016625304743
22,133,299.802919731451,29.980291973145
22,134,683.043396056448,68.304339605645
22,135,144.959026805231,14.495902680523
22,136,166.695931105506,16.669593110551
22,137,1983.824137968966,198.382413796897
22,138,42.869114250177,4.286911425018
22,139,45.481602010139,4.548160201014
22,140,52.594747565299,5.259474756530
22,141,54.669183120604,5.466918312060
22,142,74.283802515832,7.428380251583
22,143,106.805097344265,10.680509734426
22,144,49.131379827739,4.913137982774
22,145,152.616802043639,15.261680204364
22,146,44.636865831225,4.463686583122
22,147,60.507526589043,6.050752658904
22,148,327.594718333743,32.759471833374
22,149,1295.998914977591,129.599891497759
22,150,720.702785863432,72.070278586343
22,151,609.107477106043,60.910747710604
22,152,272.983865160636,27.298386516064
22,153,213.912614143698,21.391261414370
22,154,146.416191292861,14.641619129286
22,155,410.276298569348,41.027629856935
22,156,442.001284808485,44.200128480849
22,157,208.078824314283,20.807882431428
22,158,544.362464145384,54.436246414538
22,159,378.608774917895,37.860877491790
22,160,1080.538714085649,108.053871408565
22,161,178.173992644963,17.817399264496
22,162,64.290733258039,6.429073325804
22,163,67.621178104094,6.762117810409
22,164,56.868518489134,5.686851848913
22,165,1658.178810817336,165.817881081734
22,166,532.609015864967,53.260901586497
22,167,2213.055916588713,221.305591658871
22,168,140.933537628173,14.093353762817
22,169,39.717490085788,3.971749008579
22,170,174.526238666930,17.452623866693
22,171,48.856354486697,4.885635448670
22,172,515.257988744495,51.525798874450
22,173,53.467962058109,5.346796205811
22,174,387.716414365495,38.771641436549
22,175,175.790343315944,17.579034331594
22,176,509.402948599635,50.940294859964
22,177,651.324264496063,65.132426449606
22,178,736.229249335039,73.622924933504
22,179,392.965748240201,39.296574824020
22,180,367.539167570880,36.753916757088
22,181,333.197935012586,33.319793501259
22,182,601.533185249742,60.153318524974
22,183,272.115999386679,27.211599938668
22,184,537.651556703999,53.765155670400
22,185,307.259612052965,30.725961205296
22,186,460.108505126852,46.010850512685
22,187,63.590340208182,6.359034020818
22,188,58.077112110049,5.807711211005
22,189,106.014065193837,10.601406519384
22,190,190.229715820586,19.022971582059
22,191,264.759776243627,26.475977624363
22,192,132.249169769836,13.224916976984
22,193,37.722779353393,3.772277935339
23,1,65.078767281064,6.507876728106
23,2,78.656075153560,7.865607515356
23,3,360.747331557288,36.074733155729
23,4,83.670529272475,8.367052927247
23,5,94.482234531731,9.448223453173
23,6,80.389366383824,8.038936638382
23,7,542.427760506824,54.242776050682
23,8,1238.181886039409,123.818188603941
23,9,313.469613714807,31.346961371481
23,10,688.680372367952,68.868037236795
23,11,570.421142384668,57.042114238467
23,12,312.996923397079,31.299692339708
23,13,337.355815480133,33.735581548013
23,14,361.789169597530,36.178916959753
23,15,107.024288965331,10.702428896533
23,16,461.064853809462,46.106485380946
23,17,497.169974199902,49.716997419990
23,18,519.066085282570,51.906608528257
23,19,488.666381858412,48.866638185841
23,20,252.356597715271,25.235659771527
23,21,761.723985512489,76.172398551249
23,22,615.110271311731,61.511027131173
23,23,359.957249445013,35.995724944501
23,24,588.897323607814,58.889732360781
23,25,476.225267962428,47.622526796243
23,26,562.082935615220,56.208293561522
23,27,32.017203739304,3.201720373930
23,28,127.430598969543,12.743059896954
23,29,619.721453622826,61.972145362283
23,30,481.511862253894,48.151186225389
23,31,391.607746928643,39.160774692864
23,32,161.461009545161,16.146100954516
23,33,465.601994379921,46.560199437992
23,34,1041.270223447988,104.127022344799
23,35,634.350686584429,63.435068658443
23,36,731.795991720758,73.179599172076
23,37,897.167553974485,89.716755397449
23,38,363.363099465488,36.336309946549
23,39,701.029722138826,70.102972213883
23,40,1062.641667891679,106.264166789168
23,41,192.006484835230,19.200648483523
23,42,1171.817790566294,117.181779056629
23,43,610.763243592829,61.076324359283
23,44,188.437700955977,18.843770095598
23,45,345.020151346125,34.502015134612
23,46,1085.384040344896,108.538404034490
23,47,2749.110778686544,274.911077868654
23,48,191.762714487620,19.176271448762
23,49,392.333033761737,39.233303376174
23,50,466.552768784559,46.655276878456
23,51,1869.127773337621,186.912777333762
23,52,430.141184235842,43.014118423584
23,53,892.713701606123,89.271370160612
23,54,383.562134625280,38.356213462528
23,55,1116.482622147823,111.648262214782
23,56,155.119127814967,15.511912781497
23,57,1757.965762917377,175.796576291738
23,58,1315.964660927551,131.596466092755
23,59,119.493632588350,11.949363258835
23,60,174.019385384218,17.401938538422
23,61,833.108419216360,83.310841921636
23,62,980.570566305140,98.057056630514
23,63,135.852584283744,13.585258428374
23,64,495.004831190032,49.500483119003
23,65,117.720203309471,11.772020330947
23,66,34.006243687709,3.400624368771
23,67,26.943067914595,2.694306791459
23,68,42.538696196789,4.253869619679
23,69,44.263581552997,4.426358155300
23,70,244.134672203593,24.413467220359
23,71,275.328730726002,27.532873072600
23,72,96.125582909600,9.612558290960
23,73,312.165022061377,31.216502206138
23,74,88.775136390636,8.877513639064
23,75,184.236024809290,18.423602480929
23,76,82.015412670929,8.201541267093
23,77,338.226173689640,33.822617368964
23,78,81.859623805098,8.185962380510
23,79,149.216593102080,14.921659310208
23,80,39.594188564065,3.959418856407
23,81,216.117543731545,21.611754373155
23,82,93.969266067489,9.396926606749
23,83,247.117566661171,24.711756666117
23,84,360.471829035117,36.047182903512
23,85,232.741910900245,23.274191090024
23,86,227.917079290235,22.791707929023
23,87,52.140796179446,5.214079617945
23,88,14.661175283016,1.466117528302
23,89,79.086455905207,7.908645590521
23,90,158.387121500931,15.838712150093
23,91,53.020470899363,5.302047089936
23,92,26.909374369422,2.690937436942
23,93,104.914134381575,10.491413438157
23,94,38.780640053385,3.878064005338
23,95,59.593093872383,5.959309387238
23,96,154.177319675989,15.417731967599
23,97,47.973163822682,4.797316382268
23,98,247.330655568481,24.733065556848
23,99,793.544631896794,79.354463189679
23,100,185.965393298327,18.596539329833
23,101,290.026121316408,29.002612131641
23,102,85.382665719699,8.538266571970
23,103,89.509809783094,8.950980978309
23,104,189.091818055405,18.909181805540
23,105,126.761211198916,12.676121119892
23,106,150.019564221240,15.001956422124
23,107,28.484915363242,2.848491536324
23,108,778.645080035355,77.864508003536
23,109,407.751508248211,40.775150824821
23,110,238.620348774173,23.862034877417
23,111,151.109175645696,15.110917564570
23,112,27.936221934262,2.793622193426
23,113,593.826177909260,59.382617790926
23,114,65.685811485779,6.568581148578
23,115,28.643015844437,2.864301584444
23,116,40.434495773823,4.043449577382
23,117,244.149172336339,24.414917233634
23,118,88.670763454445,8.867076345445
23,119,89.328943392998,8.932894339300
23,120,36.626985071391,3.662698507139
23,121,85.237594343289,8.523759434329
23,122,70.585175179082,7.058517517908
23,123,57.409037645888,5.740903764589
23,124,111.567383696578,11.156738369658
23,125,23.761234437701,2.376123443770
23,126,395.848440340738,39.584844034074
23,127,311.926295238198,31.192629523820
23,128,471.289899108588,47.128989910859
23,129,55.782430967180,5.578243096718
23,130,70.566402060358,7.056640206036
23,131,180.837740075464,18.083774007546
23,132,97.074465992575,9.707446599257
23,133,290.549036731615,29.054903673162
23,134,661.960200213729,66.196020021373
23,135,140.484641182079,14.048464118208
23,136,161.550602152803,16.155060215280
23,137,1922.590323163358,192.259032316336
23,138,41.545892421874,4.154589242187
23,139,44.077741687419,4.407774168742
23,140,50.971328951461,5.097132895146
23,141,52.981733829758,5.298173382976
23,142,71.990917516979,7.199091751698
23,143,103.508392043677,10.350839204368
23,144,47.614863441062,4.761486344106
23,145,147.906047287861,14.790604728786
23,146,43.259079603354,4.325907960335
23,147,58.639867754478,5.863986775448
23,148,317.482998282650,31.748299828265
23,149,1255.995894533827,125.599589453383
23,150,698.457174433062,69.845717443306
23,151,590.306428295331,59.030642829533
23,152,264.557793955917,26.455779395592
23,153,207.309868896093,20.730986889609
23,154,141.896828023419,14.189682802342
23,155,397.612483060254,39.761248306025
23,156,428.358228299700,42.835822829970
23,157,201.656148055251,20.165614805525
23,158,527.559870770989,52.755987077099
23,159,366.922426736430,36.692242673643
23,160,1047.186207559364,104.718620755936
23,161,172.674375486373,17.267437548637
23,162,62.306299870678,6.230629987068
23,163,65.533945361174,6.553394536117
23,164,55.113183294454,5.511318329445
23,165,1606.996545074704,160.699654507470
23,166,516.169210936158,51.616921093616
23,167,2144.746506718548,214.474650671855
23,168,136.583404983927,13.658340498393
23,169,38.491548034823,3.849154803482
23,170,169.139215103344,16.913921510334
23,171,47.348327184549,4.734832718455
23,172,499.353750230596,49.935375023060
23,173,51.817590322008,5.181759032201
23,174,375.748944739553,37.574894473955
23,175,170.364301197995,17.036430119800
23,176,493.679434998316,49.367943499832
23,177,631.220128939278,63.122012893928
23,178,713.504389482084,71.350438948208
23,179,380.836249766952,38.083624976695
23,180,356.194500021929,35.619450002193
23,181,322.913262971514,32.291326297151
23,182,582.965928727336,58.296592872734
23,183,263.716716207704,26.371671620770
23,184,521.056105916278,52.105610591628
23,185,297.775566657209,29.777556665721
23,186,445.906541125009,44.590654112501
23,187,61.627525540688,6.162752554069
23,188,56.284471795150,5.628447179515
23,189,102.741776329806,10.274177632981
23,190,184.357980032045,18.435798003205
23,191,256.587554323253,25.658755432325
23,192,128.167093634714,12.816709363471
23,193,36.558407148888,3.655840714889
24,1,62.831472801961,6.283147280196
24,2,75.939930229101,7.593993022910
24,3,348.290035261882,34.829003526188
24,4,80.781225643142,8.078122564314
24,5,91.219582012216,9.121958201222
24,6,77.613367593424,7.761336759342
24,7,523.696691028591,52.369669102859
24,8,1195.425094033734,119.542509403373
24,9,302.644907567170,30.264490756717
24,10,664.898920085592,66.489892008559
24,11,550.723407814672,55.072340781467
24,12,302.188540151454,30.218854015145
24,13,325.706273036471,32.570627303647
24,14,349.295896639169,34.929589663917
24,15,103.328535284518,10.332853528452
24,16,445.143401333270,44.514340133327
24,17,480.001742764755,48.000174276475
24,18,501.141739194275,50.114173919428
24,19,471.791795753685,47.179179575369
24,20,243.642241059412,24.364224105941
24,21,735.420197368350,73.542019736835
24,22,593.869335527121,59.386933552712
24,23,347.527236198183,34.752723619818
24,24,568.561571112887,56.856157111289
24,25,459.780297348904,45.978029734890
24,26,542.673135295080,54.267313529508
24,27,30.911588371868,3.091158837187
24,28,123.030176320227,12.303017632023
24,29,598.321284881250,59.832128488125
24,30,464.884335414111,46.488433541411
24,31,378.084781383737,37.808478138374
24,32,155.885451640473,15.588545164047
24,33,449.523865749879,44.952386574988
24,34,1005.313168295066,100.531316829507
24,35,612.445342409425,61.244534240943
24,36,706.525674523115,70.652567452311
24,37,866.186639997275,86.618663999727
24,38,350.815475694251,35.081547569425
24,39,676.821823156259,67.682182315626
24,40,1025.946615829544,102.594661582954
24,41,185.376133165250,18.537613316525
24,42,1131.352677883973,113.135267788397
24,43,589.672419001184,58.967241900118
24,44,181.930586228614,18.193058622861
24,45,333.105944705564,33.310594470556
24,46,1047.903650603653,104.790365060365
24,47,2654.178718146678,265.417871814668
24,48,185.140780674634,18.514078067463
24,49,378.785022673347,37.878502267335
24,50,450.441808093314,45.044180809331
24,51,1804.583211397483,180.458321139748
24,52,415.287585297906,41.528758529791
24,53,861.886587681624,86.188658768162
24,54,370.316999482910,37.031699948291
24,55,1077.928338814037,107.792833881404
24,56,149.762567232982,14.976256723298
24,57,1697.259838104837,169.725983810484
24,58,1270.521880728208,127.052188072821
24,59,115.367288589791,11.536728858979
24,60,168.010162708841,16.801016270884
24,61,804.339589854341,80.433958985434
24,62,946.709586570971,94.670958657097
24,63,131.161334350962,13.116133435096
24,64,477.911366289898,47.791136628990
24,65,113.655099220548,11.365509922055
24,66,32.831942961262,3.283194296126
24,67,26.012672175643,2.601267217564
24,68,41.069753543059,4.106975354306
24,69,42.735075304258,4.273507530426
24,70,235.704234383047,23.570423438305
24,71,265.821102318924,26.582110231892
24,72,92.806182423103,9.280618242310
24,73,301.385365962209,30.138536596221
24,74,85.709560900695,8.570956090070
24,75,177.874002006711,17.787400200671
24,76,79.183263387880,7.918326338788
24,77,326.546576110014,32.654657611001
24,78,79.032854209968,7.903285420997
24,79,144.063858348812,14.406385834881
24,80,38.226925398488,3.822692539849
24,81,208.654591018140,20.865459101814
24,82,90.724327331528,9.072432733153
24,83,238.584123781888,23.858412378189
24,84,348.024046369469,34.802404636947
24,85,224.704886947975,22.470488694798
24,86,220.046666014424,22.004666601442
24,87,50.340274622482,5.034027462248
24,88,14.154896820050,1.415489682005
24,89,76.355449109089,7.635544910909
24,90,152.917710837806,15.291771083781
24,91,51.189572489488,5.118957248949
24,92,25.980142133117,2.598014213312
24,93,101.291248380102,10.129124838010
24,94,37.441470276065,3.744147027606
24,95,57.535230202752,5.753523020275
24,96,148.853281532880,14.885328153288
24,97,46.316558593234,4.631655859323
24,98,238.789854321100,23.878985432110
24,99,766.142015887153,76.614201588715
24,100,179.543652089574,17.954365208957
24,101,280.010963862438,28.001096386244
24,102,82.434238739600,8.243423873960
24,103,86.418864613798,8.641886461380
24,104,182.562115411772,18.256211541177
24,105,122.383903791393,12.238390379139
24,106,144.839101337305,14.483910133730
24,107,27.501276678798,2.750127667880
24,108,751.756974088492,75.175697408849
24,109,393.671067704912,39.367106770491
24,110,230.380331103187,23.038033110319
24,111,145.891086392348,14.589108639235
24,112,26.971530684830,2.697153068483
24,113,573.320222635107,57.332022263511
24,114,63.417554607620,6.341755460762
24,115,27.653917647570,2.765391764757
24,116,39.038215190858,3.903821519086
24,117,235.718233798436,23.571823379844
24,118,85.608792161897,8.560879216190
24,119,86.244243886564,8.624424388656
24,120,35.362185125478,3.536218512548
24,121,82.294176955673,8.229417695567
24,122,68.147733888877,6.814773388888
24,123,55.426593620865,5.542659362087
24,124,107.714748253338,10.771474825334
24,125,22.940713502847,2.294071350285
24,126,382.179035530142,38.217903553014
24,127,301.154882833464,30.115488283346
24,128,455.015356234262,45.501535623426
24,129,53.856156786200,5.385615678620
24,130,68.129609041899,6.812960904190
24,131,174.593066553453,17.459306655345
24,132,93.722298755835,9.372229875584
24,133,280.515822006822,28.051582200682
24,134,639.101446652806,63.910144665281
24,135,135.633437452852,13.563343745285
24,136,155.971950443777,15.597195044378
24,137,1856.199596981306,185.619959698131
24,138,40.111233184002,4.011123318400
24,139,42.555652845174,4.255565284517
24,140,49.211191337753,4.921119133775
24,141,51.152173085087,5.115217308509
24,142,69.504933251439,6.950493325144
24,143,99.934049017542,9.993404901754
24,144,45.970631010042,4.597063101004
24,145,142.798568191638,14.279856819164
24,146,41.765260730851,4.176526073085
24,147,56.614920808406,5.661492080841
24,148,306.519702279080,30.651970227908
24,149,1212.623950695799,121.262395069580
24,150,674.338110449956,67.433811044996
24,151,569.922016716697,56.992201671670
24,152,255.422106625007,25.542210662501
24,153,200.151062064031,20.015106206403
24,154,136.996858777811,13.699685877781
24,155,383.882162475895,38.388216247590
24,156,413.566198245120,41.356619824512
24,157,194.692575032354,19.469257503235
24,158,509.342218001694,50.934221800169
24,159,354.251892577374,35.425189257737
24,160,1011.024862144234,101.102486214423
24,161,166.711598578858,16.671159857886
24,162,60.154744001341,6.015474400134
24,163,63.270932711166,6.327093271117
24,164,53.210019517419,5.321001951742
24,165,1551.503876504516,155.150387650452
24,166,498.344899467408,49.834489946741
24,167,2070.684302024218,207.068430202422
24,168,131.866918412633,13.186691841263
24,169,37.162361158600,3.716236115860
24,170,163.298514054720,16.329851405472
24,171,45.713298760962,4.571329876096
24,172,482.110108826538,48.211010882654
24,173,50.028229682336,5.002822968234
24,174,362.773614008484,36.277361400848
24,175,164.481295580125,16.448129558012
24,176,476.631738567204,47.663173856720
24,177,609.422888915695,60.942288891570
24,178,688.865716343515,68.886571634352
24,179,367.685244649609,36.768524464961
24,180,343.894421719444,34.389442171944
24,181,311.762449527691,31.176244952769
24,182,562.834998657990,56.283499865799
24,183,254.610072902349,25.461007290235
24,184,503.063040604029,50.306304060403
24,185,287.492806013166,28.749280601317
24,186,430.508534218417,43.050853421842
24,187,59.499409049019,5.949940904902
24,188,54.340861182826,5.434086118283
24,189,99.193906012564,9.919390601256
24,190,177.991745882045,17.799174588204
24,191,247.727094632201,24.772709463220
24,192,123.741238414007,12.374123841401
24,193,35.295975329986,3.529597532999
