hour,bus_id,demandP,demandQ
1,1,59.118608444208,5.911860844421
1,2,71.452455278981,7.145245527898
1,3,327.708731013925,32.770873101393
1,4,76.007666786559,7.600766678656
1,5,85.829195320982,8.582919532098
1,6,73.027005164341,7.302700516434
1,7,492.750181394449,49.275018139445
1,8,1124.784521306895,112.478452130690
1,9,284.760884795601,28.476088479560
1,10,625.608427728756,62.560842772876
1,11,518.179823832482,51.817982383248
1,12,284.331485239084,28.433148523908
1,13,306.459498158772,30.645949815877
1,14,328.655153598996,32.865515359900
1,15,97.222601129419,9.722260112942
1,16,418.838796408465,41.883879640847
1,17,451.637273767063,45.163727376706
1,18,471.528056454394,47.152805645439
1,19,443.912472468437,44.391247246844
1,20,229.244829180753,22.924482918075
1,21,691.962431426958,69.196243142696
1,22,558.776153866540,55.877615386654
1,23,326.991007599888,32.699100759989
1,24,534.963886729032,53.496388672903
1,25,432.610762682664,43.261076268266
1,26,510.605261471752,51.060526147175
1,27,29.084947524706,2.908494752471
1,28,115.760024337205,11.576002433720
1,29,562.965026718682,56.296502671868
1,30,437.413190739894,43.741319073989
1,31,355.742833210198,35.574283321020
1,32,146.673801626914,14.667380162691
1,33,422.960408541695,42.296040854170
1,34,945.906771079020,94.590677107902
1,35,576.254459377431,57.625445937743
1,36,664.775356127072,66.477535612707
1,37,815.001567303781,81.500156730378
1,38,330.084937036360,33.008493703636
1,39,636.826777493923,63.682677749392
1,40,965.320938076024,96.532093807602
1,41,174.421807141782,17.442180714178
1,42,1064.498299871803,106.449829987180
1,43,554.827243333249,55.482724333325
1,44,171.179865943536,17.117986594354
1,45,313.421905253694,31.342190525369
1,46,985.980478327416,98.598047832742
1,47,2497.336850174333,249.733685017433
1,48,174.200362201554,17.420036220155
1,49,356.401695540983,35.640169554098
1,50,423.824107442196,42.382410744220
1,51,1697.946005751910,169.794600575191
1,52,390.747233068223,39.074723306822
1,53,810.955615525126,81.095561552513
1,54,348.434068411347,34.843406841135
1,55,1014.230934775634,101.423093477563
1,56,140.912733332741,14.091273333274
1,57,1596.964631296503,159.696463129650
1,58,1195.443656450871,119.544365645087
1,59,108.549955257407,10.854995525741
1,60,158.082034064968,15.808203406497
1,61,756.809209592323,75.680920959232
1,62,890.766217358516,89.076621735852
1,63,123.410692487736,12.341069248774
1,64,449.670422716038,44.967042271604
1,65,106.938943317233,10.693894331723
1,66,30.891823696496,3.089182369650
1,67,24.475520186936,2.447552018694
1,68,38.642842039770,3.864284203977
1,69,40.209755892708,4.020975589271
1,70,221.775898601859,22.177589860186
1,71,250.113087651668,25.011308765167
1,72,87.322039659429,8.732203965943
1,73,283.575772563748,28.357577256375
1,74,80.644774741857,8.064477474186
1,75,167.362995137538,16.736299513754
1,76,74.504132002721,7.450413200272
1,77,307.250145682439,30.725014568244
1,78,74.362610868505,7.436261086851
1,79,135.550774999809,13.555077499981
1,80,35.968003516045,3.596800351604
1,81,196.324684372237,19.632468437224
1,82,85.363206442447,8.536320644245
1,83,224.485608340310,22.448560834031
1,84,327.458460051304,32.745846005130
1,85,211.426529326283,21.142652932628
1,86,207.043573983422,20.704357398342
1,87,47.365545508709,4.736554550871
1,88,13.318449581953,1.331844958195
1,89,71.843420138974,7.184342013897
1,90,143.881431837496,14.388143183750
1,91,48.164656301642,4.816465630164
1,92,24.444912423646,2.444491242365
1,93,95.305702457151,9.530570245715
1,94,35.228962844828,3.522896284483
1,95,54.135333685792,5.413533368579
1,96,140.057179533490,14.005717953349
1,97,43.579600634018,4.357960063402
1,98,224.679181762202,22.467918176220
1,99,720.868823060204,72.086882306020
1,100,168.933981541100,16.893398154110
1,101,263.464435806638,26.346443580664
1,102,77.562999323656,7.756299932366
1,103,81.312163975515,8.131216397551
1,104,171.774076533155,17.177407653315
1,105,115.151941622021,11.515194162202
1,106,136.280206996895,13.628020699690
1,107,25.876159433891,2.587615943389
1,108,707.333828325495,70.733382832550
1,109,370.408088010530,37.040808801053
1,110,216.766597699605,21.676659769960
1,111,137.270027699561,13.727002769956
1,112,25.377717417563,2.537771741756
1,113,539.441337973113,53.944133797311
1,114,59.670057252263,5.967005725226
1,115,26.019780477023,2.601978047702
1,116,36.731352223802,3.673135222380
1,117,221.789070757786,22.178907075779
1,118,80.549960672620,8.054996067262
1,119,81.147862011241,8.114786201124
1,120,33.272547704779,3.327254770478
1,121,77.431214130778,7.743121413078
1,122,64.120718749265,6.412071874927
1,123,52.151301561816,5.215130156182
1,124,101.349622118946,10.134962211895
1,125,21.585091014503,2.158509101450
1,126,359.595147933352,35.959514793335
1,127,283.358909242970,28.335890924297
1,128,428.127393513456,42.812739351346
1,129,50.673665654609,5.067366565461
1,130,64.103664943523,6.410366494352
1,131,164.275938130246,16.427593813025
1,132,88.184020452635,8.818402045264
1,133,263.939460656871,26.393946065687
1,134,601.335389668200,60.133538966820
1,135,127.618528153727,12.761852815373
1,136,146.755189005808,14.675518900581
1,137,1746.512253725330,174.651225372533
1,138,37.740962977161,3.774096297716
1,139,40.040935942584,4.004093594258
1,140,46.303182498036,4.630318249804
1,141,48.129466918898,4.812946691890
1,142,65.397717904591,6.539771790459
1,143,94.028703301826,9.402870330183
1,144,43.254114752042,4.325411475204
1,145,134.360253911660,13.436025391166
1,146,39.297250018312,3.929725001831
1,147,53.269407609168,5.326940760917
1,148,288.406708475351,28.840670847535
1,149,1140.967055749426,114.096705574943
1,150,634.489833404858,63.448983340486
1,151,536.243940297327,53.624394029733
1,152,240.328593874490,24.032859387449
1,153,188.323649600755,18.832364960075
1,154,128.901381600577,12.890138160058
1,155,361.197632970654,36.119763297065
1,156,389.127566957971,38.912756695797
1,157,183.187717827507,18.318771782751
1,158,479.243949048522,47.924394904852
1,159,333.318287698133,33.331828769813
1,160,951.280947063825,95.128094706382
1,161,156.860205243889,15.686020524389
1,162,56.600054050713,5.660005405071
1,163,59.532099599844,5.953209959984
1,164,50.065710206634,5.006571020663
1,165,1459.821743536762,145.982174353676
1,166,468.896488781056,46.889648878106
1,167,1948.322536522132,194.832253652213
1,168,124.074581873201,12.407458187320
1,169,34.966346963124,3.496634696312
1,170,153.648808175331,15.364880817533
1,171,43.011988890670,4.301198889067
1,172,453.621051356624,45.362105135662
1,173,47.071940062094,4.707194006209
1,174,341.336439908957,34.133643990896
1,175,154.761696267193,15.476169626719
1,176,448.466411303941,44.846641130394
1,177,573.410610002774,57.341061000277
1,178,648.158967775783,64.815896777578
1,179,345.957830364190,34.595783036419
1,180,323.572864953513,32.357286495351
1,181,293.339649053388,29.333964905339
1,182,529.575711351455,52.957571135146
1,183,239.564545197092,23.956454519709
1,184,473.335823496631,47.333582349663
1,185,270.504157729827,27.050415772983
1,186,405.068739142372,40.506873914237
1,187,55.983444432659,5.598344443266
1,188,51.129727690997,5.112972769100
1,189,93.332297144964,9.333229714496
1,190,167.473781241257,16.747378124126
1,191,233.088298833022,23.308829883302
1,192,116.429068044554,11.642906804455
1,193,33.210250406938,3.321025040694
2,1,56.876541357835,5.687654135783
2,2,68.742628332146,6.874262833215
2,3,315.280411419483,31.528041141948
2,4,73.125083916310,7.312508391631
2,5,82.574132000935,8.257413200093
2,6,70.257463576605,7.025746357661
2,7,474.062681932223,47.406268193222
2,8,1082.127185133911,108.212718513391
2,9,273.961357809286,27.396135780929
2,10,601.882293070297,60.188229307030
2,11,498.527907821407,49.852790782141
2,12,273.548243186361,27.354824318636
2,13,294.837053513842,29.483705351384
2,14,316.190941026292,31.619094102629
2,15,93.535444077177,9.353544407718
2,16,402.954378546878,40.295437854688
2,17,434.508977057444,43.450897705744
2,18,453.645403876816,45.364540387682
2,19,427.077138045924,42.707713804592
2,20,220.550742838847,22.055074283885
2,21,665.719828068442,66.571982806844
2,22,537.584626254445,53.758462625444
2,23,314.589907591395,31.458990759139
2,24,514.675436875462,51.467543687546
2,25,416.204044430209,41.620404443021
2,26,491.240609951666,49.124060995167
2,27,27.981903910012,2.798190391001
2,28,111.369837434733,11.136983743473
2,29,541.614636538641,54.161463653864
2,30,420.824340902052,42.082434090205
2,31,342.251323201022,34.225132320102
2,32,141.111212930814,14.111121293081
2,33,406.919678967944,40.691967896794
2,34,910.033355008770,91.003335500877
2,35,554.400068843782,55.440006884378
2,36,639.563819776198,63.956381977620
2,37,784.092717493515,78.409271749351
2,38,317.566500075262,31.756650007526
2,39,612.675188085533,61.267518808553
2,40,928.711241738378,92.871124173838
2,41,167.806878217884,16.780687821788
2,42,1024.127312386625,102.412731238662
2,43,533.785477743074,53.378547774307
2,44,164.687887302938,16.468788730294
2,45,301.535412042665,30.153541204267
2,46,948.587271071021,94.858727107102
2,47,2402.625609454828,240.262560945483
2,48,167.593831554019,16.759383155402
2,49,342.885198246329,34.288519824633
2,50,407.750622177329,40.775062217733
2,51,1633.551579798412,163.355157979841
2,52,375.928184829287,37.592818482929
2,53,780.200208015934,78.020020801593
2,54,335.219742548226,33.521974254823
2,55,975.766331891967,97.576633189197
2,56,135.568632553469,13.556863255347
2,57,1536.399913483326,153.639991348333
2,58,1150.106579914793,115.010657991479
2,59,104.433209476093,10.443320947609
2,60,152.086789338286,15.208678933829
2,61,728.107298905572,72.810729890557
2,62,856.984001062323,85.698400106232
2,63,118.730354790101,11.873035479010
2,64,432.616718628291,43.261671862829
2,65,102.883294996463,10.288329499646
2,66,29.720254490612,2.972025449061
2,67,23.547288625384,2.354728862538
2,68,37.177316268082,3.717731626808
2,69,38.684805075856,3.868480507586
2,70,213.365070676584,21.336507067658
2,71,240.627574774211,24.062757477421
2,72,84.010360372862,8.401036037286
2,73,272.821190835765,27.282119083576
2,74,77.586330033922,7.758633003392
2,75,161.015770925913,16.101577092591
2,76,71.678570533024,7.167857053302
2,77,295.597715812274,29.559771581227
2,78,71.542416573127,7.154241657313
2,79,130.410025933529,13.041002593353
2,80,34.603920717614,3.460392071761
2,81,188.879091103767,18.887909110377
2,82,82.125815702229,8.212581570223
2,83,215.972014954580,21.597201495458
2,84,315.039631957132,31.503963195713
2,85,203.408200156106,20.340820015611
2,86,199.191467939496,19.919146793950
2,87,45.569212113727,4.556921211373
2,88,12.813348764545,1.281334876454
2,89,69.118765890422,6.911876589042
2,90,138.424743475701,13.842474347570
2,91,46.338016712818,4.633801671282
2,92,23.517841658338,2.351784165834
2,93,91.691243588005,9.169124358800
2,94,33.892908087112,3.389290808711
2,95,52.082256777168,5.208225677717
2,96,134.745525543214,13.474552554321
2,97,41.926848805276,4.192684880528
2,98,216.158247124547,21.615824712455
2,99,693.529947800636,69.352994780064
2,100,162.527177833252,16.252717783325
2,101,253.472574436808,25.347257443681
2,102,74.621430628446,7.462143062845
2,103,78.228408600196,7.822840860020
2,104,165.259562517648,16.525956251765
2,105,110.784816193379,11.078481619338
2,106,131.111794297869,13.111179429787
2,107,24.894808774340,2.489480877434
2,108,680.508266335766,68.050826633577
2,109,356.360399735891,35.636039973589
2,110,208.545746990881,20.854574699088
2,111,132.064076153169,13.206407615317
2,112,24.415270119722,2.441527011972
2,113,518.983081246049,51.898308124605
2,114,57.407076527107,5.740707652711
2,115,25.032983004325,2.503298300432
2,116,35.338319504897,3.533831950490
2,117,213.377743279866,21.337774327987
2,118,77.495111778415,7.749511177842
2,119,78.070337770856,7.807033777086
2,120,32.010689788095,3.201068978810
2,121,74.494643375322,7.449464337532
2,122,61.688947148991,6.168894714899
2,123,50.173468865474,5.017346886547
2,124,97.505948224225,9.750594822423
2,125,20.766478679173,2.076647867917
2,126,345.957539288325,34.595753928833
2,127,272.612552033907,27.261255203391
2,128,411.890706571189,41.189070657119
2,129,48.751872146610,4.875187214661
2,130,61.672540107062,6.167254010706
2,131,158.045790235063,15.804579023506
2,132,84.839650633993,8.483965063399
2,133,253.929584018922,25.392958401892
2,134,578.529807457676,57.852980745768
2,135,122.778608725400,12.277860872540
2,136,141.189513701816,14.118951370182
2,137,1680.275957860558,168.027595786056
2,138,36.309640875272,3.630964087527
2,139,38.522387604810,3.852238760481
2,140,44.547139109919,4.454713910992
2,141,46.304161883761,4.630416188376
2,142,62.917516243955,6.291751624396
2,143,90.462674493040,9.046267449304
2,144,41.613706941576,4.161370694158
2,145,129.264655234023,12.926465523402
2,146,37.806905891992,3.780690589199
2,147,51.249170857083,5.124917085708
2,148,277.468914004564,27.746891400456
2,149,1097.695998638102,109.769599863810
2,150,610.426872358377,61.042687235838
2,151,515.906944545099,51.590694454510
2,152,231.214156907512,23.121415690751
2,153,181.181494745166,18.118149474517
2,154,124.012810088490,12.401281008849
2,155,347.499250246990,34.749925024699
2,156,374.369944388081,37.436994438808
2,157,176.240342651104,17.624034265110
2,158,461.068672045530,46.106867204553
2,159,320.677226248938,32.067722624894
2,160,915.203715927405,91.520371592741
2,161,150.911298248372,15.091129824837
2,162,54.453502878187,5.445350287819
2,163,57.274350904331,5.727435090433
2,164,48.166973345868,4.816697334587
2,165,1404.458155500962,140.445815550096
2,166,451.113638134227,45.111363813423
2,167,1874.432606638263,187.443260663826
2,168,119.369066239560,11.936906623956
2,169,33.640251885452,3.364025188545
2,170,147.821693080167,14.782169308017
2,171,41.380763678354,4.138076367835
2,172,436.417520087915,43.641752008791
2,173,45.286741623187,4.528674162319
2,174,328.391290869773,32.839129086977
2,175,148.892375006707,14.889237500671
2,176,431.458369223973,43.145836922397
2,177,551.664072161353,55.166407216135
2,178,623.577606227686,62.357760622769
2,179,332.837415571875,33.283741557188
2,180,311.301397649943,31.130139764994
2,181,282.214773323415,28.221477332342
2,182,509.491607489571,50.949160748957
2,183,230.479084696865,23.047908469687
2,184,455.384611541693,45.538461154169
2,185,260.245315637064,26.024531563706
2,186,389.706549272719,38.970654927272
2,187,53.860278115869,5.386027811587
2,188,49.190638077625,4.919063807763
2,189,89.792679467364,8.979267946736
2,190,161.122355478153,16.112235547815
2,191,224.248449303659,22.424844930366
2,192,112.013507728955,11.201350772895
2,193,31.950755108807,3.195075510881
3,1,55.655782434634,5.565578243463
3,2,67.267183888139,6.726718388814
3,3,308.513449744907,30.851344974491
3,4,71.555577463043,7.155557746304
3,5,80.801817685415,8.080181768541
3,6,68.749505751901,6.874950575190
3,7,463.887726927757,46.388772692776
3,8,1058.901152295871,105.890115229587
3,9,268.081239852500,26.808123985250
3,10,588.963905938423,58.896390593842
3,11,487.827848053195,48.782784805320
3,12,267.676992037405,26.767699203741
3,13,288.508873997738,28.850887399774
3,14,309.404436371150,30.940443637115
3,15,91.527863706309,9.152786370631
3,16,394.305643206953,39.430564320695
3,17,425.182975540985,42.518297554099
3,18,443.908671270875,44.390867127088
3,19,417.910648405057,41.791064840506
3,20,215.816993547635,21.581699354764
3,21,651.431276038637,65.143127603864
3,22,526.046279973026,52.604627997303
3,23,307.837766415559,30.783776641556
3,24,503.628797661493,50.362879766149
3,25,407.270927384392,40.727092738439
3,26,480.696959727497,48.069695972750
3,27,27.381319590522,2.738131959052
3,28,108.979471924133,10.897947192413
3,29,529.989792891216,52.998979289122
3,30,411.792056993920,41.179205699392
3,31,334.905476445915,33.490547644592
3,32,138.082499014030,13.808249901403
3,33,398.185835149960,39.818583514996
3,34,890.501025650895,89.050102565090
3,35,542.500807480355,54.250080748036
3,36,625.836662299504,62.583666229950
3,37,767.263491266914,76.726349126691
3,38,310.750471367789,31.075047136779
3,39,599.525149686150,59.952514968615
3,40,908.778023079794,90.877802307979
3,41,164.205186921813,16.420518692181
3,42,1002.146148883296,100.214614888330
3,43,522.328673769522,52.232867376952
3,44,161.153139880386,16.115313988039
3,45,295.063463571037,29.506346357104
3,46,928.227447003838,92.822744700384
3,47,2351.057307623646,235.105730762365
3,48,163.996712944855,16.399671294485
3,49,335.525746433684,33.552574643368
3,50,398.998943566418,39.899894356642
3,51,1598.490153418725,159.849015341873
3,52,367.859521103304,36.785952110330
3,53,763.454527932699,76.345452793270
3,54,328.024816798883,32.802481679888
3,55,954.823155176587,95.482315517659
3,56,132.658880765739,13.265888076574
3,57,1503.423683578788,150.342368357879
3,58,1125.421484152190,112.542148415219
3,59,102.191726972007,10.219172697201
3,60,148.822503206369,14.882250320637
3,61,712.479705156594,71.247970515659
3,62,838.590286512137,83.859028651214
3,63,116.182008202832,11.618200820283
3,64,423.331331243902,42.333133124390
3,65,100.675078789624,10.067507878962
3,66,29.082359411146,2.908235941115
3,67,23.041885835052,2.304188583505
3,68,36.379367948944,3.637936794894
3,69,37.854501054879,3.785450105488
3,70,208.785549705200,20.878554970520
3,71,235.462910185591,23.546291018559
3,72,82.207219840435,8.220721984044
3,73,266.965544637873,26.696554463787
3,74,75.921070465632,7.592107046563
3,75,157.559839280962,15.755983928096
3,76,70.140111047064,7.014011104706
3,77,289.253209964327,28.925320996433
3,78,70.006879402019,7.000687940202
3,79,127.610994926497,12.761099492650
3,80,33.861205988742,3.386120598874
3,81,184.825120338905,18.482512033891
3,82,80.363123739070,8.036312373907
3,83,211.336540326142,21.133654032614
3,84,308.277838207153,30.827783820715
3,85,199.042386598092,19.904238659809
3,86,194.916159418486,19.491615941849
3,87,44.591145920125,4.459114592013
3,88,12.538331868879,1.253833186888
3,89,67.635248288841,6.763524828884
3,90,135.453690089619,13.545369008962
3,91,45.343449426636,4.534344942664
3,92,23.013070897433,2.301307089743
3,93,89.723245866671,8.972324586667
3,94,33.165454043796,3.316545404380
3,95,50.964399077257,5.096439907726
3,96,131.853440357628,13.185344035763
3,97,41.026959789896,4.102695978990
3,98,211.518775337036,21.151877533704
3,99,678.644498508657,67.864449850866
3,100,159.038806391070,15.903880639107
3,101,248.032213619438,24.803221361944
3,102,73.019807619609,7.301980761961
3,103,76.549367899641,7.654936789964
3,104,161.712545051896,16.171254505190
3,105,108.407007175907,10.840700717591
3,106,128.297701017846,12.829770101785
3,107,24.360483739323,2.436048373932
3,108,665.902305449092,66.590230544909
3,109,348.711725476388,34.871172547639
3,110,204.069664664898,20.406966466490
3,111,129.229543751065,12.922954375106
3,112,23.891237572218,2.389123757222
3,113,507.843985719199,50.784398571920
3,114,56.174930562315,5.617493056232
3,115,24.495692292771,2.449569229277
3,116,34.579842146101,3.457984214610
3,117,208.797950312450,20.879795031245
3,118,75.831810055957,7.583181005596
3,119,76.394689793748,7.639468979375
3,120,31.323634382409,3.132363438241
3,121,72.895741640792,7.289574164079
3,122,60.364898061315,6.036489806132
3,123,49.096580075064,4.909658007506
3,124,95.413147686108,9.541314768611
3,125,20.320761278891,2.032076127889
3,126,338.532144862915,33.853214486292
3,127,266.761383915607,26.676138391561
3,128,403.050168039370,40.305016803937
3,129,47.705495529380,4.770549552938
3,130,60.348843168836,6.034884316884
3,131,154.653604210774,15.465360421077
3,132,83.018710786383,8.301871078638
3,133,248.479414262543,24.847941426254
3,134,566.112641998393,56.611264199839
3,135,120.143373202958,12.014337320296
3,136,138.159119191193,13.815911919119
3,137,1644.211671600705,164.421167160070
3,138,35.530315743355,3.553031574335
3,139,37.695569600605,3.769556960061
3,140,43.591009987555,4.359100998756
3,141,45.310321234321,4.531032123432
3,142,61.567097995117,6.156709799512
3,143,88.521045932870,8.852104593287
3,144,40.720538987554,4.072053898755
3,145,126.490207675077,12.649020767508
3,146,36.995444494649,3.699544449465
3,147,50.149193939765,5.014919393977
3,148,271.513512276618,27.151351227662
3,149,1074.135807506411,107.413580750641
3,150,597.325090259757,59.732509025976
3,151,504.833873098424,50.483387309842
3,152,226.251535438678,22.625153543868
3,153,177.292739888614,17.729273988861
3,154,121.351084517759,12.135108451776
3,155,340.040765599057,34.004076559906
3,156,366.334725662052,36.633472566205
3,157,172.457641281028,17.245764128103
3,158,451.172611522666,45.117261152267
3,159,313.794431056664,31.379443105666
3,160,895.560413502657,89.556041350266
3,161,147.672242047862,14.767224204786
3,162,53.284750384608,5.328475038461
3,163,56.045053670923,5.604505367092
3,164,47.133150593784,4.713315059378
3,165,1374.313832645527,137.431383264553
3,166,441.431245605019,44.143124560502
3,167,1834.201075749325,183.420107574933
3,168,116.807010789503,11.680701078950
3,169,32.918220680891,3.291822068089
3,170,144.648950037740,14.464895003774
3,171,40.492595458149,4.049259545815
3,172,427.050554917916,42.705055491792
3,173,44.314738181708,4.431473818171
3,174,321.342926305746,32.134292630575
3,175,145.696651584593,14.569665158459
3,176,422.197843853656,42.219784385366
3,177,539.823534346936,53.982353434694
3,178,610.193565831808,61.019356583181
3,179,325.693622448478,32.569362244848
3,180,304.619838787294,30.461983878729
3,181,276.157509738656,27.615750973866
3,182,498.556230420383,49.855623042038
3,183,225.532240311851,22.553224031185
3,184,445.610549779908,44.561054977991
3,185,254.659589365725,25.465958936573
3,186,381.342156218969,38.134215621897
3,187,52.704258190142,5.270425819014
3,188,48.134844090550,4.813484409055
3,189,87.865431219121,8.786543121912
3,190,157.664136175756,15.766413617576
3,191,219.435334986822,21.943533498682
3,192,109.609326922338,10.960932692234
3,193,31.264986099810,3.126498609981
4,1,54.947180990706,5.494718099071
4,2,66.410747745353,6.641074774535
4,3,304.585500726904,30.458550072690
4,4,70.644542107985,7.064454210798
4,5,79.773060525256,7.977306052526
4,6,67.874196899631,6.787419689963
4,7,457.981574884936,45.798157488494
4,8,1045.419374614020,104.541937461402
4,9,264.668067935055,26.466806793505
4,10,581.465301913598,58.146530191360
4,11,481.616893819923,48.161689381992
4,12,264.268966945195,26.426896694520
4,13,284.835620370574,28.483562037057
4,14,305.465143439141,30.546514343914
4,15,90.362544065747,9.036254406575
4,16,389.285400279754,38.928540027975
4,17,419.769606844651,41.976960684465
4,18,438.256889700759,43.825688970076
4,19,412.589869935358,41.258986993536
4,20,213.069242522276,21.306924252228
4,21,643.137346412141,64.313734641214
4,22,519.348734143008,51.934873414301
4,23,303.918420100850,30.391842010085
4,24,497.216668002811,49.721666800281
4,25,402.085612317567,40.208561231757
4,26,474.576794942204,47.457679494220
4,27,27.032704554496,2.703270455450
4,28,107.591960909360,10.759196090936
4,29,523.242038820010,52.324203882001
4,30,406.549179552992,40.654917955299
4,31,330.641507927146,33.064150792715
4,32,136.324452430148,13.632445243015
4,33,393.116190175152,39.311619017515
4,34,879.163294242014,87.916329424201
4,35,535.593764964802,53.559376496480
4,36,617.868599626251,61.786859962625
4,37,757.494802480210,75.749480248021
4,38,306.794040911152,30.679404091115
4,39,591.892081419842,59.189208141984
4,40,897.207591559581,89.720759155958
4,41,162.114550020071,16.211455002007
4,42,989.386967769295,98.938696776930
4,43,515.678459968783,51.567845996878
4,44,159.101361204077,15.910136120408
4,45,291.306757848999,29.130675784900
4,46,916.409388206221,91.640938820622
4,47,2321.123982997498,232.112398299750
4,48,161.908730303904,16.190873030390
4,49,331.253880726343,33.125388072634
4,50,393.918946211809,39.391894621181
4,51,1578.138405922471,157.813840592247
4,52,363.175986411786,36.317598641179
4,53,753.734334321167,75.373433432117
4,54,323.848451852424,32.384845185242
4,55,942.666483634900,94.266648363490
4,56,130.969886911941,13.096988691194
4,57,1484.282308749143,148.428230874914
4,58,1111.092779140563,111.109277914056
4,59,100.890636552968,10.089063655297
4,60,146.927716428646,14.692771642865
4,61,703.408515681613,70.340851568161
4,62,827.913475192777,82.791347519278
4,63,114.702795528612,11.470279552861
4,64,417.941537417332,41.794153741733
4,65,99.393298117838,9.939329811784
4,66,28.712086979962,2.871208697996
4,67,22.748519847561,2.274851984756
4,68,35.916191051052,3.591619105105
4,69,37.372542973738,3.737254297374
4,70,206.127322014914,20.612732201491
4,71,232.465030165760,23.246503016576
4,72,81.160569301498,8.116056930150
4,73,263.566577591970,26.356657759197
4,74,74.954454279440,7.495445427944
4,75,155.553809992799,15.555380999280
4,76,69.247097207514,6.924709720751
4,77,285.570479558334,28.557047955833
4,78,69.115561848674,6.911556184867
4,79,125.986270031611,12.598627003161
4,80,33.430089967959,3.343008996796
4,81,182.471953400681,18.247195340068
4,82,79.339951967351,7.933995196735
4,83,208.645833788944,20.864583378894
4,84,304.352888961476,30.435288896148
4,85,196.508207463844,19.650820746384
4,86,192.434514817209,19.243451481721
4,87,44.023417842230,4.402341784223
4,88,12.378695624844,1.237869562484
4,89,66.774126002865,6.677412600287
4,90,133.729113124134,13.372911312413
4,91,44.766143128336,4.476614312834
4,92,22.720071777597,2.272007177760
4,93,88.580902361760,8.858090236176
4,94,32.743196237043,3.274319623704
4,95,50.315527653745,5.031552765375
4,96,130.174701255650,13.017470125565
4,97,40.504610418899,4.050461041890
4,98,208.825748609802,20.882574860980
4,99,670.004094034578,67.000409403458
4,100,157.013947105667,15.701394710567
4,101,244.874303030047,24.487430303005
4,102,72.090129896089,7.209012989609
4,103,75.574752320584,7.557475232058
4,104,159.653644109131,15.965364410913
4,105,107.026784700248,10.702678470025
4,106,126.664233079440,12.666423307944
4,107,24.050329552330,2.405032955233
4,108,657.424132750506,65.742413275051
4,109,344.271977774032,34.427197777403
4,110,201.471478946943,20.147147894694
4,111,127.584211724557,12.758421172456
4,112,23.587057760160,2.358705776016
4,113,501.378188890395,50.137818889039
4,114,55.459719398844,5.545971939884
4,115,24.183816649857,2.418381664986
4,116,34.139576552777,3.413957655278
4,117,206.139564739410,20.613956473941
4,118,74.866330320507,7.486633032051
4,119,75.422043554163,7.542204355416
4,120,30.924826359568,3.092482635957
4,121,71.967643507530,7.196764350753
4,122,59.596340832262,5.959634083226
4,123,48.471489455344,4.847148945534
4,124,94.198361166856,9.419836116686
4,125,20.062040259186,2.006204025919
4,126,334.222002121728,33.422200212173
4,127,263.365016214755,26.336501621476
4,128,397.918591075497,39.791859107550
4,129,47.098115998689,4.709811599869
4,130,59.580490348373,5.958049034837
4,131,152.684576690929,15.268457669093
4,132,81.961728461046,8.196172846105
4,133,245.315809978666,24.531580997867
4,134,558.904976990418,55.890497699042
4,135,118.613724997402,11.861372499740
4,136,136.400097090200,13.640009709020
4,137,1623.277804288951,162.327780428895
4,138,35.077948856437,3.507794885644
4,139,37.215635011957,3.721563501196
4,140,43.036015496988,4.303601549699
4,141,44.733436719416,4.473343671942
4,142,60.783234528836,6.078323452884
4,143,87.394008665186,8.739400866519
4,144,40.202090922288,4.020209092229
4,145,124.879752482817,12.487975248282
4,146,36.524423798489,3.652442379849
4,147,49.510701591207,4.951070159121
4,148,268.056641158670,26.805664115867
4,149,1060.460064378245,106.046006437825
4,150,589.720032834696,58.972003283470
4,151,498.406400592020,49.840640059202
4,152,223.370933321711,22.337093332171
4,153,175.035474138547,17.503547413855
4,154,119.806059904865,11.980605990486
4,155,335.711415314913,33.571141531491
4,156,361.670604447518,36.167060444752
4,157,170.261935313341,17.026193531334
4,158,445.428346506521,44.542834650652
4,159,309.799245341607,30.979924534161
4,160,884.158266692889,88.415826669289
4,161,145.792100230325,14.579210023033
4,162,52.606336580863,5.260633658086
4,163,55.331496081415,5.533149608141
4,164,46.533058076770,4.653305807677
4,165,1356.816265930591,135.681626593059
4,166,435.811006263352,43.581100626335
4,167,1810.848290578162,181.084829057816
4,168,115.319840671943,11.531984067194
4,169,32.499110613874,3.249911061387
4,170,142.807300340699,14.280730034070
4,171,39.977049537225,3.997704953722
4,172,421.613408468664,42.161340846866
4,173,43.750529287516,4.375052928752
4,174,317.251634231224,31.725163423122
4,175,143.841662701642,14.384166270164
4,176,416.822481426057,41.682248142606
4,177,532.950578489142,53.295057848914
4,178,602.424668820407,60.242466882041
4,179,321.546937934322,32.154693793432
4,180,300.741462665871,30.074146266587
4,181,272.641511910721,27.264151191072
4,182,492.208683960682,49.220868396068
4,183,222.660796157331,22.266079615733
4,184,439.937100136573,43.993710013657
4,185,251.417299978338,25.141729997834
4,186,376.486962549838,37.648696254984
4,187,52.033235129807,5.203323512981
4,188,47.521998155523,4.752199815552
4,189,86.746741143992,8.674674114399
4,190,155.656778994481,15.565677899448
4,191,216.641515756934,21.664151575693
4,192,108.213796684015,10.821379668402
4,193,30.866924778496,3.086692477850
5,1,55.180708765013,5.518070876501
5,2,66.692996148845,6.669299614884
5,3,305.880001605538,30.588000160554
5,4,70.944784311278,7.094478431128
5,5,80.112099306468,8.011209930647
5,6,68.162665022090,6.816266502209
5,7,459.928015374295,45.992801537430
5,8,1049.862449861362,104.986244986136
5,9,265.792918086066,26.579291808607
5,10,583.936553310747,58.393655331075
5,11,483.663785384778,48.366378538478
5,12,265.392120900619,26.539212090062
5,13,286.046183447136,28.604618344714
5,14,306.763382835404,30.676338283540
5,15,90.746588586611,9.074658858661
5,16,390.939879207671,39.093987920767
5,17,421.553644901575,42.155364490157
5,18,440.119499468562,44.011949946856
5,19,414.343393815755,41.434339381575
5,20,213.974795547606,21.397479554761
5,21,645.870706529502,64.587070652950
5,22,521.555987577795,52.155598757780
5,23,305.210085859446,30.521008585945
5,24,499.329859248175,49.932985924817
5,25,403.794492671980,40.379449267198
5,26,476.593765797894,47.659376579789
5,27,27.147594658306,2.714759465831
5,28,108.049231158924,10.804923115892
5,29,525.465838959460,52.546583895946
5,30,408.277030251346,40.827703025135
5,31,332.046747905750,33.204674790575
5,32,136.903836947891,13.690383694789
5,33,394.786950117345,39.478695011734
5,34,882.899774324431,88.289977432443
5,35,537.870060447298,53.787006044730
5,36,620.494566532712,62.049456653271
5,37,760.714186479222,76.071418647922
5,38,308.097928176211,30.809792817621
5,39,594.407647057819,59.440764705782
5,40,901.020760646158,90.102076064616
5,41,162.803543511028,16.280354351103
5,42,993.591902987912,99.359190298791
5,43,517.870114587697,51.787011458770
5,44,159.777548518900,15.977754851890
5,45,292.544823525428,29.254482352543
5,46,920.304165716609,92.030416571661
5,47,2330.988855186880,233.098885518688
5,48,162.596849052619,16.259684905262
5,49,332.661723314476,33.266172331448
5,50,395.593117900103,39.559311790010
5,51,1584.845558916286,158.484555891629
5,52,364.719499259202,36.471949925920
5,53,756.937736176169,75.693773617617
5,54,325.224821063916,32.522482106392
5,55,946.672854878483,94.667285487848
5,56,131.526514306474,13.152651430647
5,57,1490.590569478007,149.059056947801
5,58,1115.814969052457,111.581496905246
5,59,101.319425898987,10.131942589899
5,60,147.552165253554,14.755216525355
5,61,706.398030741968,70.639803074197
5,62,831.432141440883,83.143214144088
5,63,115.190287117145,11.519028711715
5,64,419.717806104165,41.971780610417
5,65,99.815723714056,9.981572371406
5,66,28.834114528004,2.883411452800
5,67,22.845201990539,2.284520199054
5,68,36.068836337062,3.606883633706
5,69,37.531377815189,3.753137781519
5,70,207.003371593184,20.700337159318
5,71,233.453016084601,23.345301608460
5,72,81.505505051955,8.150550505195
5,73,264.686746363816,26.468674636382
5,74,75.273013786347,7.527301378635
5,75,156.214920069379,15.621492006938
5,76,69.541400212626,6.954140021263
5,77,286.784165816603,28.678416581660
5,78,69.409305823114,6.940930582311
5,79,126.521716849869,12.652171684987
5,80,33.572169222333,3.357216922233
5,81,183.247466691496,18.324746669150
5,82,79.677150019417,7.967715001942
5,83,209.532587145616,20.953258714562
5,84,305.646401230561,30.564640123056
5,85,197.343375410491,19.734337541049
5,86,193.252369402920,19.325236940292
5,87,44.210519174832,4.421051917483
5,88,12.431305589285,1.243130558929
5,89,67.057918778865,6.705791877887
5,90,134.297467343311,13.429746734331
5,91,44.956401073887,4.495640107389
5,92,22.816633015110,2.281663301511
5,93,88.957374832261,8.895737483226
5,94,32.882356164870,3.288235616487
5,95,50.529370711281,5.052937071128
5,96,130.727949078509,13.072794907851
5,97,40.676756675536,4.067675667554
5,98,209.713266611847,20.971326661185
5,99,672.851638931976,67.285163893198
5,100,157.681262824902,15.768126282490
5,101,245.915028867852,24.591502886785
5,102,72.396515906810,7.239651590681
5,103,75.895948119623,7.589594811962
5,104,160.332178648967,16.033217864897
5,105,107.481652927727,10.748165292773
5,106,127.202561268476,12.720256126848
5,107,24.152544439981,2.415254443998
5,108,660.218212296151,66.021821229615
5,109,345.735147808896,34.573514780890
5,110,202.327741001092,20.232774100109
5,111,128.126449860592,12.812644986059
5,112,23.687303723682,2.368730372368
5,113,503.509066770327,50.350906677033
5,114,55.695425482420,5.569542548242
5,115,24.286598863151,2.428659886315
5,116,34.284671154254,3.428467115425
5,117,207.015666349761,20.701566634976
5,118,75.184515296970,7.518451529697
5,119,75.742590334677,7.574259033468
5,120,31.056258140786,3.105625814079
5,121,72.273508946073,7.227350894607
5,122,59.849627726702,5.984962772670
5,123,48.677495274856,4.867749527486
5,124,94.598708067825,9.459870806783
5,125,20.147304753657,2.014730475366
5,126,335.642459347607,33.564245934761
5,127,264.484328342475,26.448432834248
5,128,399.609761418612,39.960976141861
5,129,47.298284924645,4.729828492464
5,130,59.833709877606,5.983370987761
5,131,153.333492408218,15.333349240822
5,132,82.310069170811,8.231006917081
5,133,246.358412239124,24.635841223912
5,134,561.280346080740,56.128034608074
5,135,119.117838196687,11.911783819669
5,136,136.979803100852,13.697980310085
5,137,1630.176801578398,163.017680157840
5,138,35.227031578717,3.522703157872
5,139,37.373802988132,3.737380298813
5,140,43.218920329099,4.321892032910
5,141,44.923555661386,4.492355566139
5,142,61.041565770198,6.104156577020
5,143,87.765436788765,8.776543678877
5,144,40.372951458649,4.037295145865
5,145,125.410496556080,12.541049655608
5,146,36.679654098638,3.667965409864
5,147,49.721124104948,4.972112410495
5,148,269.195892884953,26.919589288495
5,149,1064.967063174373,106.496706317437
5,150,592.226367177043,59.222636717704
5,151,500.524648249718,50.052464824972
5,152,224.320268955733,22.432026895573
5,153,175.779382087295,17.577938208730
5,154,120.315240576441,12.031524057644
5,155,337.138202607990,33.713820260799
5,156,363.207719359805,36.320771935980
5,157,170.985555526172,17.098555552617
5,158,447.321435260074,44.732143526007
5,159,311.115904848833,31.111590484883
5,160,887.915975613224,88.791597561322
5,161,146.411722639783,14.641172263978
5,162,52.829915670357,5.282991567036
5,163,55.566657210630,5.556665721063
5,164,46.730825483368,4.673082548337
5,165,1362.582790746122,136.258279074612
5,166,437.663220926164,43.766322092616
5,167,1818.544470132449,181.854447013245
5,168,115.809954727659,11.580995472766
5,169,32.637233167785,3.263723316778
5,170,143.414237228125,14.341423722813
5,171,40.146953638462,4.014695363846
5,172,423.405282758163,42.340528275816
5,173,43.936470832561,4.393647083256
5,174,318.599966697085,31.859996669708
5,175,144.452995671553,14.445299567155
5,176,418.593994079000,41.859399407900
5,177,535.215640320636,53.521564032064
5,178,604.984998387106,60.498499838711
5,179,322.913525617206,32.291352561721
5,180,302.019626224982,30.201962622498
5,181,273.800249525868,27.380024952587
5,182,494.300591068335,49.430059106834
5,183,223.607113679259,22.360711367926
5,184,441.806850867686,44.180685086769
5,185,252.485833821707,25.248583382171
5,186,378.087047592141,37.808704759214
5,187,52.254378514613,5.225437851461
5,188,47.723968598042,4.772396859804
5,189,87.115418354042,8.711541835404
5,190,156.318326693543,15.631832669354
5,191,217.562251090122,21.756225109012
5,192,108.673709761143,10.867370976114
5,193,30.998110475620,3.099811047562
6,1,56.607934304125,5.660793430413
6,2,68.417982099803,6.841798209980
6,3,313.791457619166,31.379145761917
6,4,72.779740952866,7.277974095287
6,5,82.184164647437,8.218416464744
6,6,69.925663332745,6.992566333275
6,7,471.823857678367,47.182385767837
6,8,1077.016695149843,107.701669514984
6,9,272.667538751471,27.266753875147
6,10,599.039823652118,59.903982365212
6,11,496.173543274707,49.617354327471
6,12,272.256375117462,27.225637511746
6,13,293.444646198312,29.344464619831
6,14,314.697687128444,31.469768712844
6,15,93.093710465195,9.309371046520
6,16,401.051372741377,40.105137274138
6,17,432.456950451194,43.245695045119
6,18,451.503002942175,45.150300294217
6,19,425.060209290791,42.506020929079
6,20,219.509162535034,21.950916253503
6,21,662.575877375513,66.257587737551
6,22,535.045811144905,53.504581114490
6,23,313.104214787517,31.310421478752
6,24,512.244813468776,51.224481346878
6,25,414.238465310111,41.423846531011
6,26,488.920660641257,48.892066064126
6,27,27.849755636100,2.784975563610
6,28,110.843878521070,11.084387852107
6,29,539.056789167943,53.905678916794
6,30,418.836941815534,41.883694181553
6,31,340.634995671984,34.063499567198
6,32,140.444796403968,14.044479640397
6,33,404.997946502245,40.499794650225
6,34,905.735601094229,90.573560109423
6,35,551.781840563487,55.178184056349
6,36,636.543394321556,63.654339432156
6,37,780.389735039714,78.038973503971
6,38,316.066749916311,31.606674991631
6,39,609.781747780906,60.978174778091
6,40,924.325279012186,92.432527901219
6,41,167.014387850603,16.701438785060
6,42,1019.290734538602,101.929073453860
6,43,531.264604619172,53.126460461917
6,44,163.910126786317,16.391012678632
6,45,300.111370835443,30.011137083544
6,46,944.107441144909,94.410744114491
6,47,2391.278889511678,239.127888951168
6,48,166.802347328028,16.680234732803
6,49,341.265877157832,34.126587715783
6,50,405.824965471480,40.582496547148
6,51,1625.836914552307,162.583691455231
6,52,374.152813828825,37.415281382882
6,53,776.515608457389,77.651560845739
6,54,333.636622596811,33.363662259681
6,55,971.158145225528,97.115814522553
6,56,134.928391601818,13.492839160182
6,57,1529.144059941113,152.914405994111
6,58,1144.675048170641,114.467504817064
6,59,103.940009713289,10.394000971329
6,60,151.368539187749,15.136853918775
6,61,724.668715059327,72.466871505933
6,62,852.936779798407,85.293677979841
6,63,118.169634851358,11.816963485136
6,64,430.573628464895,43.057362846489
6,65,102.397414911542,10.239741491154
6,66,29.579896624195,2.957989662419
6,67,23.436083413718,2.343608341372
6,68,37.001741432673,3.700174143267
6,69,38.502110923458,3.850211092346
6,70,212.357425668102,21.235742566810
6,71,239.491178953399,23.949117895340
6,72,83.613610239291,8.361361023929
6,73,271.532756368576,27.153275636858
6,74,77.219918240570,7.721991824057
6,75,160.255352468733,16.025535246873
6,76,71.340058921992,7.134005892199
6,77,294.201716167570,29.420171616757
6,78,71.204547967333,7.120454796733
6,79,129.794147189781,12.979414718978
6,80,34.440499085974,3.444049908597
6,81,187.987084400168,18.798708440017
6,82,81.737965582256,8.173796558226
6,83,214.952058303988,21.495205830399
6,84,313.551815269945,31.355181526994
6,85,202.447577796871,20.244757779687
6,86,198.250759660653,19.825075966065
6,87,45.354005430734,4.535400543073
6,88,12.752836015745,1.275283601574
6,89,68.792343298284,6.879234329828
6,90,137.771014159224,13.777101415922
6,91,46.119179247549,4.611917924755
6,92,23.406775513903,2.340677551390
6,93,91.258219458844,9.125821945884
6,94,33.732844307467,3.373284430747
6,95,51.836291371933,5.183629137193
6,96,134.109171824218,13.410917182422
6,97,41.728843668888,4.172884366889
6,98,215.137410967689,21.513741096769
6,99,690.254660107491,69.025466010749
6,100,161.759621555334,16.175962155533
6,101,252.275516391607,25.227551639161
6,102,74.269020968045,7.426902096804
6,103,77.858964505163,7.785896450516
6,104,164.479102188566,16.447910218857
6,105,110.261620120569,11.026162012057
6,106,130.492601359407,13.049260135941
6,107,24.777239719016,2.477723971902
6,108,677.294475270390,67.729447527039
6,109,354.677440210812,35.467744021081
6,110,207.560861881387,20.756086188139
6,111,131.440385936614,13.144038593661
6,112,24.299965749665,2.429996574966
6,113,516.532114414197,51.653211441420
6,114,57.135963950290,5.713596395029
6,115,24.914761402767,2.491476140277
6,116,35.171429577017,3.517142957702
6,117,212.370038423323,21.237003842332
6,118,77.129130775444,7.712913077544
6,119,77.701640186402,7.770164018640
6,120,31.859515035448,3.185951503545
6,121,74.142832484638,7.414283248464
6,122,61.397612866974,6.139761286697
6,123,49.936517965778,4.993651796578
6,124,97.045463376758,9.704546337676
6,125,20.668406213429,2.066840621343
6,126,344.323708659417,34.432370865942
6,127,271.325102891293,27.132510289129
6,128,409.945497764517,40.994549776452
6,129,48.521634927055,4.852163492705
6,130,61.381283309488,6.138128330949
6,131,157.299397907880,15.729939790788
6,132,84.438984066539,8.443898406654
6,133,252.730367685007,25.273036768501
6,134,575.797623267949,57.579762326795
6,135,122.198770367423,12.219877036742
6,136,140.522727389133,14.052272738913
6,137,1672.340630506174,167.234063050617
6,138,36.138163752650,3.613816375265
6,139,38.340460490585,3.834046049059
6,140,44.336759303027,4.433675930303
6,141,46.085484302439,4.608548430244
6,142,62.620379880500,6.262037988050
6,143,90.035452445318,9.003545244532
6,144,41.417180659411,4.141718065941
6,145,128.654185656192,12.865418565619
6,146,37.628357735599,3.762835773560
6,147,51.007139811237,5.100713981124
6,148,276.158530044720,27.615853004472
6,149,1092.511982855430,109.251198285543
6,150,607.544050024691,60.754405002469
6,151,513.470505179165,51.347050517916
6,152,230.122217208293,23.012221720829
6,153,180.325840967206,18.032584096721
6,154,123.427143049938,12.342714304994
6,155,345.858138682419,34.585813868242
6,156,372.601932385966,37.260193238597
6,157,175.408024123041,17.540802412304
6,158,458.891213736722,45.889121373672
6,159,319.162785270671,31.916278527067
6,160,910.881544293716,91.088154429372
6,161,150.198599511314,15.019859951131
6,162,54.196338946923,5.419633894692
6,163,57.003865141971,5.700386514197
6,164,47.939498388924,4.793949838892
6,165,1397.825414511424,139.782541451142
6,166,448.983193801035,44.898319380104
6,167,1865.580348610155,186.558034861015
6,168,118.805329900796,11.880532990080
6,169,33.481381308422,3.348138130842
6,170,147.123585415659,14.712358541566
6,171,41.185337501823,4.118533750182
6,172,434.356480132612,43.435648013261
6,173,45.072868944766,4.507286894477
6,174,326.840419192302,32.684041919230
6,175,148.189210903977,14.818921090398
6,176,429.420749520160,42.942074952016
6,177,549.058764990365,54.905876499036
6,178,620.632677799037,62.063267779904
6,179,331.265546477401,33.126554647740
6,180,309.831235272940,30.983123527294
6,181,280.881976409856,28.088197640986
6,182,507.085465408667,50.708546540867
6,183,229.390616474219,22.939061647422
6,184,453.233996966851,45.323399696685
6,185,259.016272418083,25.901627241808
6,186,387.866108108183,38.786610810818
6,187,53.605915767680,5.360591576768
6,188,48.958328727431,4.895832872743
6,189,89.368621560525,8.936862156053
6,190,160.361433661205,16.036143366121
6,191,223.189406087804,22.318940608780
6,192,111.484508996465,11.148450899646
6,193,31.799863405678,3.179986340568
7,1,61.067011848727,6.106701184873
7,2,73.807351830009,7.380735183001
7,3,338.509201863990,33.850920186399
7,4,78.512691864681,7.851269186468
7,5,88.657913735901,8.865791373590
7,6,75.433794992933,7.543379499293
7,7,508.990011056750,50.899001105675
7,8,1161.854642683866,116.185464268387
7,9,294.145900647811,29.414590064781
7,10,646.226937239729,64.622693723973
7,11,535.257751738396,53.525775173840
7,12,293.702349141852,29.370234914185
7,13,316.559646746051,31.655964674605
7,14,339.486816201292,33.948681620129
7,15,100.426818076025,10.042681807603
7,16,432.642689266277,43.264268926628
7,17,466.522123478060,46.652212347806
7,18,487.068457263878,48.706845726388
7,19,458.542731796717,45.854273179672
7,20,236.800172877073,23.680017287707
7,21,714.767805109996,71.476780511000
7,22,577.192036601414,57.719203660141
7,23,337.767824057872,33.776782405787
7,24,552.594975917830,55.259497591783
7,25,446.868545553820,44.686854555382
7,26,527.433550499490,52.743355049949
7,27,30.043515601133,3.004351560113
7,28,119.575188994517,11.957518899452
7,29,581.518964362848,58.151896436285
7,30,451.829249785387,45.182924978539
7,31,367.467238868596,36.746723886860
7,32,151.507808075379,15.150780807538
7,33,436.900139561532,43.690013956153
7,34,977.081523354644,97.708152335464
7,35,595.246383918072,59.524638391807
7,36,686.684710917459,68.668471091746
7,37,841.862007192542,84.186200719254
7,38,340.963721771439,34.096372177144
7,39,657.815016121510,65.781501612151
7,40,997.135533373470,99.713553337347
7,41,180.170319358169,18.017031935817
7,42,1099.581536202239,109.958153620224
7,43,573.112979724531,57.311297972453
7,44,176.821531780516,17.682153178052
7,45,323.751517592647,32.375151759265
7,46,1018.475961075038,101.847596107504
7,47,2579.642908269423,257.964290826942
7,48,179.941576139332,17.994157613933
7,49,368.147815675452,36.814781567545
7,50,437.792303845818,43.779230384582
7,51,1753.906114850522,175.390611485052
7,52,403.625297340234,40.362529734023
7,53,837.682710830388,83.768271083039
7,54,359.917595223107,35.991759522311
7,55,1047.657482833679,104.765748283368
7,56,145.556869190990,14.555686919099
7,57,1649.596643557933,164.959664355793
7,58,1234.842528505470,123.484252850547
7,59,112.127493835357,11.212749383536
7,60,163.292027694235,16.329202769423
7,61,781.751773014338,78.175177301434
7,62,920.123673093787,92.012367309379
7,63,127.478004282196,12.747800428220
7,64,464.490449871416,46.449044987142
7,65,110.463386918296,11.046338691830
7,66,31.909941951409,3.190994195141
7,67,25.282172916332,2.528217291633
7,68,39.916414726476,3.991641472648
7,69,41.534970192198,4.153497019220
7,70,229.085084782786,22.908508478279
7,71,258.356197635475,25.835619763547
7,72,90.199958538770,9.019995853877
7,73,292.921730042156,29.292173004216
7,74,83.302627451837,8.330262745184
7,75,172.878866334408,17.287886633441
7,76,76.959604285730,7.695960428573
7,77,317.376352060444,31.737635206044
7,78,76.813418964264,7.681341896426
7,79,140.018193946994,14.001819394699
7,80,37.153420127643,3.715342012764
7,81,202.795061356549,20.279506135655
7,82,88.176567014187,8.817656701419
7,83,231.884099865505,23.188409986551
7,84,338.250682588216,33.825068258822
7,85,218.394625842521,21.839462584252
7,86,213.867219110551,21.386721911055
7,87,48.926596970418,4.892659697042
7,88,13.757392804591,1.375739280459
7,89,74.211201926720,7.421120192672
7,90,148.623408670456,14.862340867046
7,91,49.752044482542,4.975204448254
7,92,25.250556396717,2.525055639672
7,93,98.446743155239,9.844674315524
7,94,36.390022500170,3.639002250017
7,95,55.919500655108,5.591950065511
7,96,144.673118450386,14.467311845039
7,97,45.015876697976,4.501587669798
7,98,232.084052989560,23.208405298956
7,99,744.626880058238,74.462688005824
7,100,174.501628571971,17.450162857197
7,101,272.147573268842,27.214757326884
7,102,80.119284322981,8.011928432298
7,103,83.992012187237,8.399201218724
7,104,177.435326084403,17.743532608440
7,105,118.947065374046,11.894706537405
7,106,140.771666222156,14.077166622216
7,107,26.728973775494,2.672897377549
7,108,730.645805307181,73.064580530718
7,109,382.615824267077,38.261582426708
7,110,223.910689687873,22.391068968787
7,111,141.794108971882,14.179410897188
7,112,26.214104340675,2.621410434067
7,113,557.219992902666,55.721999290267
7,114,61.636635048286,6.163663504829
7,115,26.877328213691,2.687732821369
7,116,37.941926924541,3.794192692454
7,117,229.098691060459,22.909869106046
7,118,83.204688544920,8.320468854492
7,119,83.822295235788,8.382229523579
7,120,34.369128746367,3.436912874637
7,121,79.983155815448,7.998315581545
7,122,66.233979362109,6.623397936211
7,123,53.870079729760,5.387007972976
7,124,104.689855490129,10.468985549013
7,125,22.296482333180,2.229648233318
7,126,371.446516375879,37.144651637588
7,127,292.697719441635,29.269771944164
7,128,442.237415603652,44.223741560365
7,129,52.343744590484,5.234374459048
7,130,66.216363505025,6.621636350502
7,131,169.690067548322,16.969006754832
7,132,91.090348091186,9.109034809119
7,133,272.638253765577,27.263825376558
7,134,621.153919760851,62.115391976085
7,135,131.824519825013,13.182451982501
7,136,151.591877781383,15.159187778138
7,137,1804.072986475047,180.407298647505
7,138,38.984811956183,3.898481195618
7,139,41.360586353237,4.136058635324
7,140,47.829221097277,4.782922109728
7,141,49.715695344605,4.971569534461
7,142,67.553065257418,6.755306525742
7,143,97.127657259930,9.712765725993
7,144,44.679663604767,4.467966360477
7,145,138.788436222489,13.878843622249
7,146,40.592390376633,4.059239037663
7,147,55.025035792472,5.502503579247
7,148,297.911881676607,29.791188167661
7,149,1178.570513516264,117.857051351626
7,150,655.401052123838,65.540105212384
7,151,553.917216892020,55.391721689202
7,152,248.249231095682,24.824923109568
7,153,194.530332228946,19.453033222895
7,154,133.149652954845,13.314965295485
7,155,373.101815364397,37.310181536440
7,156,401.952251033012,40.195225103301
7,157,189.225132822110,18.922513282211
7,158,495.038646631813,49.503864663181
7,159,344.303635689743,34.430363568974
7,160,982.632818914162,98.263281891416
7,161,162.029930411205,16.202993041120
7,162,58.465452119282,5.846545211928
7,163,61.494130652181,6.149413065218
7,164,51.715752431634,5.171575243163
7,165,1507.933864744450,150.793386474445
7,166,484.350159615851,48.435015961585
7,167,2012.534438039450,201.253443803945
7,168,128.163773823045,12.816377382305
7,169,36.118751447253,3.611875144725
7,170,158.712693622357,15.871269362236
7,171,44.429557872673,4.442955787267
7,172,468.571281480168,46.857128148017
7,173,48.623315013025,4.862331501303
7,174,352.586046405237,35.258604640524
7,175,159.862259758647,15.986225975865
7,176,463.246757215188,46.324675721519
7,177,592.308808287853,59.230880828785
7,178,669.520687422407,66.952068742241
7,179,357.359746482322,35.735974648232
7,180,334.237027867297,33.423702786730
7,181,303.007399799507,30.300739979951
7,182,547.029219580111,54.702921958011
7,183,247.460001259874,24.746000125987
7,184,488.935803845490,48.893580384549
7,185,279.419307049599,27.941930704960
7,186,418.418804903035,41.841880490304
7,187,57.828520570272,5.782852057027
7,188,52.814837305836,5.281483730584
7,189,96.408299275163,9.640829927516
7,190,172.993303674638,17.299330367464
7,191,240.770313801767,24.077031380177
7,192,120.266282730977,12.026628273098
7,193,34.304778283367,3.430477828337
8,1,68.427646932464,6.842764693246
8,2,82.703627689445,8.270362768945
8,3,379.310980630901,37.931098063090
8,4,87.976119937589,8.797611993759
8,5,99.344183303373,9.934418330337
8,6,84.526112123169,8.452611212317
8,7,570.340478669887,57.034047866989
8,8,1301.897323441311,130.189732344131
8,9,329.600404978385,32.960040497838
8,10,724.119084281179,72.411908428118
8,11,599.774368271850,59.977436827185
8,12,329.103390552310,32.910339055231
8,13,354.715763631327,35.471576363133
8,14,380.406430476634,38.040643047663
8,15,112.531637652095,11.253163765209
8,16,484.790728951347,48.479072895135
8,17,522.753777941828,52.275377794183
8,18,545.776638099701,54.577663809970
8,19,513.812600370222,51.381260037022
8,20,265.342582396501,26.534258239650
8,21,800.921439023697,80.092143902370
8,22,646.763149155383,64.676314915538
8,23,378.480241788033,37.848024178803
8,24,619.201312853289,61.920131285329
8,25,500.731280844851,50.073128084485
8,26,591.007086826497,59.100708682650
8,27,33.664772778745,3.366477277875
8,28,133.988033255471,13.398803325547
8,29,651.611617685251,65.161161768525
8,30,506.289917290580,50.628991729058
8,31,411.759438022545,41.175943802255
8,32,169.769610214025,16.976961021403
8,33,489.561345636470,48.956134563647
8,34,1094.852809729219,109.485280972922
8,35,666.993654404939,66.699365440494
8,36,769.453384570036,76.945338457004
8,37,943.334780105637,94.333478010564
8,38,382.061352992853,38.206135299285
8,39,737.103917603503,73.710391760350
8,40,1117.324004497150,111.732400449715
8,41,201.886921064523,20.188692106452
8,42,1232.118206783887,123.211820678389
8,43,642.192428313824,64.219242831382
8,44,198.134491609105,19.813449160910
8,45,362.774497539806,36.277449753981
8,46,1141.236673677167,114.123667367717
8,47,2890.576905517542,289.057690551754
8,48,201.630606570936,20.163060657094
8,49,412.522047294558,41.252204729456
8,50,490.561045815056,49.056104581506
8,51,1965.310971445284,196.531097144528
8,52,452.275762367835,45.227576236783
8,53,938.651737539153,93.865173753915
8,54,403.299807623089,40.329980762309
8,55,1173.935553275186,117.393555327519
8,56,163.101382433266,16.310138243327
8,57,1848.428689878887,184.842868987889
8,58,1383.682711822843,138.368271182284
8,59,125.642639574280,12.564263957428
8,60,182.974225849243,18.297422584924
8,61,875.979234830833,87.597923483083
8,62,1031.029616982589,103.102961698259
8,63,142.843404394596,14.284340439460
8,64,520.477219125066,52.047721912507
8,65,123.777951633424,12.377795163342
8,66,35.756166469965,3.575616646996
8,67,28.329527671827,2.832952767183
8,68,44.727689320696,4.472768932070
8,69,46.541335323605,4.654133532361
8,70,256.697565910735,25.669756591073
8,71,289.496835352078,28.949683535208
8,72,101.072096527391,10.107209652739
8,73,328.228680516144,32.822868051614
8,74,93.343404356206,9.334340435621
8,75,193.716601967029,19.371660196703
8,76,86.235832910431,8.623583291043
8,77,355.630909488465,35.563090948847
8,78,86.072027326022,8.607202732602
8,79,156.895109969687,15.689510996969
8,80,41.631660660353,4.163166066035
8,81,227.238707741727,22.723870774173
8,82,98.804818062985,9.880481806298
8,83,259.833956738460,25.983395673846
8,84,379.021301060994,37.902130106099
8,85,244.718546014975,24.471854601498
8,86,239.645434035265,23.964543403527
8,87,54.823902492431,5.482390249243
8,88,15.415622756780,1.541562275678
8,89,83.156155347092,8.315615534709
8,90,166.537543372746,16.653754337275
8,91,55.748844277053,5.574884427705
8,92,28.294100294983,2.829410029498
8,93,110.312896903570,11.031289690357
8,94,40.776247864796,4.077624786480
8,95,62.659686983640,6.265968698364
8,96,162.111109914216,16.211110991422
8,97,50.441808495148,5.044180849515
8,98,260.058010959580,26.005801095958
8,99,834.379539828589,83.437953982859
8,100,195.534961799705,19.553496179970
8,101,304.950537014946,30.495053701495
8,102,89.776360987098,8.977636098710
8,103,94.115883209296,9.411588320930
8,104,198.822268833569,19.882226883357
8,105,133.284199548365,13.328419954836
8,106,157.739401073139,15.773940107314
8,107,29.950716843775,2.995071684377
8,108,818.713273904662,81.871327390466
8,109,428.733939014036,42.873393901404
8,110,250.899481643555,25.089948164355
8,111,158.885082667323,15.888508266732
8,112,29.373788272430,2.937378827243
8,113,624.383800414314,62.438380041431
8,114,69.065928944372,6.906592894437
8,115,30.116952996657,3.011695299666
8,116,42.515209127332,4.251520912733
8,117,256.712812203888,25.671281220389
8,118,93.233660506940,9.323366050694
8,119,93.925709639628,9.392570963963
8,120,38.511768236813,3.851176823681
8,121,89.623824401977,8.962382440198
8,122,74.217408343961,7.421740834396
8,123,60.363241697548,6.036324169755
8,124,117.308514892375,11.730851489238
8,125,24.983960648185,2.498396064819
8,126,416.218352714313,41.621835271431
8,127,327.977669081042,32.797766908104
8,128,495.541943499944,49.554194349994
8,129,58.652931681566,5.865293168157
8,130,74.197669181812,7.419766918181
8,131,190.143445349940,19.014344534994
8,132,102.069808059044,10.206980805904
8,133,305.500361065128,30.550036106513
8,134,696.023922333085,69.602392233309
8,135,147.713821694319,14.771382169432
8,136,169.863813155778,16.986381315578
8,137,2021.524643529533,202.152464352953
8,138,43.683796988043,4.368379698804
8,139,46.345932349039,4.634593234904
8,140,53.594255805517,5.359425580552
8,141,55.708113841721,5.570811384172
8,142,75.695488590322,7.569548859032
8,143,108.834816657210,10.883481665721
8,144,50.065070381727,5.006507038173
8,145,155.517124952289,15.551712495229
8,146,45.485142841404,4.548514284140
8,147,61.657408929400,6.165740892940
8,148,333.820313770241,33.382031377024
8,149,1320.628020635426,132.062802063543
8,150,734.398989506652,73.439898950665
8,151,620.682928471974,62.068292847197
8,152,278.171638375740,27.817163837574
8,153,217.977799935446,21.797779993545
8,154,149.198678070971,14.919867807097
8,155,418.073171074094,41.807317107409
8,156,450.401057538723,45.040105753872
8,157,212.033145023945,21.203314502394
8,158,554.707504168684,55.470750416868
8,159,385.803839213607,38.580383921361
8,160,1101.073223682098,110.107322368210
8,161,181.560003265509,18.156000326551
8,162,65.512511489435,6.551251148944
8,163,68.906247961010,6.890624796101
8,164,57.949245281639,5.794924528164
8,165,1689.690767084604,168.969076708460
8,166,542.730693880632,54.273069388063
8,167,2255.112732660431,225.511273266043
8,168,143.611832300231,14.361183230023
8,169,40.472279498405,4.047227949840
8,170,177.842927533344,17.784292753334
8,171,49.784818471352,4.978481847135
8,172,525.049928613559,52.504992861356
8,173,54.484064827656,5.448406482766
8,174,395.084559835624,39.508455983562
8,175,179.131055170807,17.913105517081
8,176,519.083619546563,51.908361954656
8,177,663.702001809263,66.370200180926
8,178,750.220517198542,75.022051719854
8,179,400.433651817485,40.043365181748
8,180,374.523865541597,37.452386554160
8,181,339.530013729286,33.953001372929
8,182,612.964695110586,61.296469511059
8,183,277.287279719269,27.728727971927
8,184,547.869062941179,54.786906294118
8,185,313.098760035407,31.309876003541
8,186,468.852386665544,46.885238666554
8,187,64.798808201253,6.479880820125
8,188,59.180806961896,5.918080696190
8,189,108.028751767028,10.802875176703
8,190,193.844832867412,19.384483286741
8,191,269.791259239246,26.979125923925
8,192,134.762427101905,13.476242710191
8,193,38.439661372094,3.843966137209
9,1,78.010303800059,7.801030380006
9,2,94.285503164945,9.428550316494
9,3,432.429963037007,43.242996303701
9,4,100.296359017801,10.029635901780
9,5,113.256414149586,11.325641414959
9,6,96.363209628911,9.636320962891
9,7,650.211369308393,65.021136930839
9,8,1484.215960522182,148.421596052218
9,9,375.757882634242,37.575788263424
9,10,825.525241397644,82.552524139764
9,11,683.767201969609,68.376720196961
9,12,375.191265950646,37.519126595065
9,13,404.390414167837,40.439041416784
9,14,433.678820466632,43.367882046663
9,15,128.290649085482,12.829064908548
9,16,552.681171139384,55.268117113938
9,17,595.960592801315,59.596059280132
9,18,622.207590846340,62.220759084634
9,19,585.767286294962,58.576728629496
9,20,302.501348384417,30.250134838442
9,21,913.083053109874,91.308305310987
9,22,737.336325507303,73.733632550730
9,23,431.482886929383,43.148288692938
9,24,705.914709835848,70.591470983585
9,25,570.854049379376,57.085404937938
9,26,673.772144128038,67.377214412804
9,27,38.379211759566,3.837921175957
9,28,152.751813753700,15.275181375370
9,29,742.863777055554,74.286377705555
9,30,577.191121268949,57.719112126895
9,31,469.422525728279,46.942252572828
9,32,193.544268472141,19.354426847214
9,33,558.119868414585,55.811986841458
9,34,1248.176784269976,124.817678426998
9,35,760.399925255285,76.039992525528
9,36,877.208189688810,87.720818968881
9,37,1075.440060854835,107.544006085483
9,38,435.565499521709,43.556549952171
9,39,840.328480112945,84.032848011294
9,40,1273.794861307269,127.379486130727
9,41,230.159310622590,23.015931062259
9,42,1404.664926205339,140.466492620534
9,43,732.125517633298,73.212551763330
9,44,225.881388248694,22.588138824869
9,45,413.577698966110,41.357769896611
9,46,1301.056277869562,130.105627786956
9,47,3295.375373340155,329.537537334016
9,48,229.867101663062,22.986710166306
9,49,470.291931350969,47.029193135097
9,50,559.259567324843,55.925956732484
9,51,2240.534532706520,224.053453270652
9,52,515.612785261202,51.561278526120
9,53,1070.101201640802,107.010120164080
9,54,459.778202606235,45.977820260623
9,55,1338.334332073013,133.833433207301
9,56,185.942217279317,18.594221727932
9,57,2107.283972405391,210.728397240539
9,58,1577.454633486431,157.745463348643
9,59,143.237725142070,14.323772514207
9,60,208.598067973429,20.859806797343
9,61,998.651996599286,99.865199659929
9,62,1175.415745729979,117.541574572998
9,63,162.847297433084,16.284729743308
9,64,593.365223051285,59.336522305129
9,65,141.111904961491,14.111190496149
9,66,40.763485726763,4.076348572676
9,67,32.296815092482,3.229681509248
9,68,50.991387086946,5.099138708695
9,69,53.059017379894,5.305901737989
9,70,292.645677575267,29.264567757527
9,71,330.038180287869,33.003818028787
9,72,115.226305583657,11.522630558366
9,73,374.194060892205,37.419406089221
9,74,106.415281804827,10.641528180483
9,75,220.844814165215,22.084481416521
9,76,98.312360944303,9.831236094430
9,77,405.433717708687,40.543371770869
9,78,98.125615908098,9.812561590810
9,79,178.866813958382,17.886681395838
9,80,47.461788347339,4.746178834734
9,81,259.061379730926,25.906137973093
9,82,112.641515813196,11.264151581320
9,83,296.221290829190,29.622129082919
9,84,432.099716531885,43.209971653188
9,85,278.989107121843,27.898910712184
9,86,273.205552893542,27.320555289354
9,87,62.501481209202,6.250148120920
9,88,17.574437649600,1.757443764960
9,89,94.801403121081,9.480140312108
9,90,189.859580666944,18.985958066694
9,91,63.555952506264,6.355595250626
9,92,32.256426440316,3.225642644032
9,93,125.761194287530,12.576119428753
9,94,46.486582928954,4.648658292895
9,95,71.434594593539,7.143459459354
9,96,184.813266284813,18.481326628481
9,97,57.505715618346,5.750571561835
9,98,296.476721764503,29.647672176450
9,99,951.226650403796,95.122665040380
9,100,222.917818416038,22.291781841604
9,101,347.656029440940,34.765602944094
9,102,102.348707118038,10.234870711804
9,103,107.295939151823,10.729593915182
9,104,226.665482290100,22.666548229010
9,105,151.949414668279,15.194941466828
9,106,179.829340194904,17.982934019490
9,107,34.145036761507,3.414503676151
9,108,933.366469337739,93.336646933774
9,109,488.774148041223,48.877414804122
9,110,286.035625419192,28.603562541919
9,111,181.135463863145,18.113546386314
9,112,33.487314698289,3.348731469829
9,113,711.822956680499,71.182295668050
9,114,78.737971283761,7.873797128376
9,115,34.334552744741,3.433455274474
9,116,48.469069576798,4.846906957680
9,117,292.663058970272,29.266305897027
9,118,106.290169348016,10.629016934802
9,119,107.079133538746,10.707913353875
9,120,43.904983945983,4.390498394598
9,121,102.174809199881,10.217480919988
9,122,84.610867561758,8.461086756176
9,123,68.816553458717,6.881655345872
9,124,133.736483648488,13.373648364849
9,125,28.482732457792,2.848273245779
9,126,474.505870038900,47.450587003890
9,127,373.907897635285,37.390789763528
9,128,564.937993502185,56.493799350219
9,129,66.866730398591,6.686673039859
9,130,84.588364113150,8.458836411315
9,131,216.771270126804,21.677127012680
9,132,116.363737355436,11.636373735544
9,133,348.282851246367,34.828285124637
9,134,793.495612773327,79.349561277333
9,135,168.399771472700,16.839977147270
9,136,193.651663661577,19.365166366158
9,137,2304.620407840253,230.462040784025
9,138,49.801307321597,4.980130732160
9,139,52.836250032298,5.283625003230
9,140,61.099633916286,6.109963391629
9,141,63.509518151488,6.350951815149
9,142,86.295939228379,8.629593922838
9,143,124.076122620908,12.407612262091
9,144,57.076218828692,5.707621882869
9,145,177.295854928543,17.729585492854
9,146,51.854914943210,5.185491494321
9,147,70.291956800067,7.029195680007
9,148,380.568750486912,38.056875048691
9,149,1505.569718016459,150.556971801646
9,150,837.244751940896,83.724475194090
9,151,707.603811970876,70.760381197088
9,152,317.126994585522,31.712699458552
9,153,248.503567737986,24.850356773799
9,154,170.092568203770,17.009256820377
9,155,476.620438495174,47.662043849517
9,156,513.475545420136,51.347554542014
9,157,241.726419079193,24.172641907919
9,158,632.389141819831,63.238914181983
9,159,439.832086203212,43.983208620321
9,160,1255.268309464539,125.526830946454
9,161,206.985796642416,20.698579664242
9,162,74.686930693959,7.468693069396
9,163,78.555928460698,7.855592846070
9,164,66.064499249353,6.606449924935
9,165,1926.316276789699,192.631627678970
9,166,618.735090409167,61.873509040917
9,167,2570.920340894526,257.092034089453
9,168,163.723336535031,16.372333653503
9,169,46.140046614018,4.614004661402
9,170,202.748178952592,20.274817895259
9,171,56.756720239322,5.675672023932
9,172,598.578298063769,59.857829806377
9,173,62.114052433550,6.211405243355
9,174,450.412485612847,45.041248561285
9,175,204.216696910413,20.421669691041
9,176,591.776462785980,59.177646278598
9,177,756.647307263811,75.664730726381
9,178,855.281937744516,85.528193774452
9,179,456.510668281197,45.651066828120
9,180,426.972456909242,42.697245690924
9,181,387.078040932803,38.707804093280
9,182,698.804711661086,69.880471166109
9,183,316.118789707052,31.611878970705
9,184,624.593040366817,62.459304036682
9,185,356.945335470769,35.694533547077
9,186,534.510811942144,53.451081194214
9,187,73.873279884234,7.387327988423
9,188,67.468529712657,6.746852971266
9,189,123.157175824042,12.315717582404
9,190,220.991002613071,22.099100261307
9,191,307.573021130278,30.757302113028
9,192,153.634654271084,15.363465427108
9,193,43.822779184092,4.382277918409
10,1,83.372422222989,8.337242222299
10,2,100.766314146424,10.076631414642
10,3,462.153481065735,46.215348106573
10,4,107.190332355227,10.719033235523
10,5,121.041210198875,12.104121019887
10,6,102.986833899984,10.298683389998
10,7,694.904316167092,69.490431616709
10,8,1586.235070278762,158.623507027876
10,9,401.585986960027,40.158598696003
10,10,882.268567469507,88.226856746951
10,11,730.766643480227,73.076664348023
10,12,400.980423296227,40.098042329623
10,13,432.186604981593,43.218660498159
10,14,463.488179994556,46.348817999456
10,15,137.108838727635,13.710883872763
10,16,590.670279570091,59.067027957009
10,17,636.924556769338,63.692455676934
10,18,664.975669205771,66.497566920577
10,19,626.030602861989,62.603060286199
10,20,323.294089523978,32.329408952398
10,21,975.844755375436,97.584475537544
10,22,788.017895791036,78.801789579104
10,23,461.141306708300,46.114130670830
10,24,754.436483066336,75.443648306634
10,25,610.092289276846,61.009228927685
10,26,720.084565063427,72.008456506343
10,27,41.017246332036,4.101724633204
10,28,163.251366694347,16.325136669435
10,29,793.925282403439,79.392528240344
10,30,616.864946316986,61.686494631699
10,31,501.688765580353,50.168876558035
10,32,206.847732720746,20.684773272075
10,33,596.482811293251,59.648281129325
10,34,1333.971498608753,133.397149860875
10,35,812.666795776082,81.266679577608
10,36,937.503996339312,93.750399633931
10,37,1149.361538943760,114.936153894376
10,38,465.504541873910,46.550454187391
10,39,898.089322014996,89.808932201500
10,40,1361.350460505484,136.135046050548
10,41,245.979547432093,24.597954743209
10,42,1501.216013843113,150.121601384311
10,43,782.448917681325,78.244891768133
10,44,241.407577666307,24.140757766631
10,45,442.005387244609,44.200538724461
10,46,1390.485718558749,139.048571855875
10,47,3521.886387130655,352.188638713066
10,48,245.667253189353,24.566725318935
10,49,502.617930692229,50.261793069223
10,50,597.700848579667,59.770084857967
10,51,2394.539976985111,239.453997698511
10,52,551.053960083870,55.105396008387
10,53,1143.655707753533,114.365570775353
10,54,491.381529994566,49.138152999457
10,55,1430.326118138109,143.032611813811
10,56,198.723146724603,19.872314672460
10,57,2252.130302445848,225.213030244585
10,58,1685.882599274549,168.588259927455
10,59,153.083317421924,15.308331742192
10,60,222.936270605414,22.293627060541
10,61,1067.295368156783,106.729536815678
10,62,1256.209155289495,125.620915528949
10,63,174.040773822157,17.404077382216
10,64,634.150791611610,63.415079161161
10,65,150.811376805980,15.081137680598
10,66,43.565405821299,4.356540582130
10,67,34.516769877597,3.451676987760
10,68,54.496332495317,5.449633249532
10,69,56.706083481885,5.670608348189
10,70,312.760979050556,31.276097905056
10,71,352.723693874991,35.272369387499
10,72,123.146504145629,12.314650414563
10,73,399.914674323011,39.991467432301
10,74,113.729845590008,11.372984559001
10,75,236.024809485818,23.602480948582
10,76,105.069962134684,10.506996213468
10,77,433.301621063795,43.330162106380
10,78,104.870380986450,10.487038098645
10,79,191.161408283193,19.116140828319
10,80,50.724123158067,5.072412315807
10,81,276.868229970673,27.686822997067
10,82,120.384046193243,12.038404619324
10,83,316.582365757064,31.658236575706
10,84,461.800534727604,46.180053472760
10,85,298.165710188650,29.816571018865
10,86,291.984617415222,29.198461741522
10,87,66.797584768948,6.679758476895
10,88,18.782434687211,1.878243468721
10,89,101.317675016369,10.131767501637
10,90,202.909774111559,20.290977411156
10,91,67.924536234565,6.792453623456
10,92,34.473605069908,3.447360506991
10,93,134.405519253975,13.440551925397
10,94,49.681885992781,4.968188599278
10,95,76.344724884612,7.634472488461
10,96,197.516596122978,19.751659612298
10,97,61.458430094772,6.145843009477
10,98,316.855354000289,31.685535400029
10,99,1016.610192039332,101.661019203933
10,100,238.240303814782,23.824030381478
10,101,371.552523999990,37.155252399999
10,102,109.383750711860,10.938375071186
10,103,114.671035825027,11.467103582503
10,104,242.245567217664,24.224556721766
10,105,162.393813882958,16.239381388296
10,106,192.190094750018,19.219009475002
10,107,36.492030962936,3.649203096294
10,108,997.522373068203,99.752237306820
10,109,522.370541545612,52.237054154561
10,110,305.696578164684,30.569657816468
10,111,193.585996171234,19.358599617123
10,112,35.789099697594,3.578909969759
10,113,760.750839331278,76.075083933128
10,114,84.150106679194,8.415010667919
10,115,36.694573522093,3.669457352209
10,116,51.800640898275,5.180064089828
10,117,312.779555173615,31.277955517362
10,118,113.596133399868,11.359613339987
10,119,114.439327855270,11.443932785527
10,120,46.922838149942,4.692283814994
10,121,109.197899741538,10.919789974154
10,122,90.426682519943,9.042668251994
10,123,73.546730001155,7.354673000116
10,124,142.928998327412,14.292899832741
10,125,30.440522352301,3.044052235230
10,126,507.121518787623,50.712151878762
10,127,399.608841340462,39.960884134046
10,128,603.769587217485,60.376958721749
10,129,71.462883848657,7.146288384866
10,130,90.402632273662,9.040263227366
10,131,231.671266210500,23.167126621050
10,132,124.362118459472,12.436211845947
10,133,372.222431046557,37.222243104656
10,134,848.037349396620,84.803734939662
10,135,179.974902872589,17.997490287259
10,136,206.962509828926,20.696250982893
10,137,2463.030860623681,246.303086062368
10,138,53.224451373946,5.322445137395
10,139,56.468003991658,5.646800399166
10,140,65.299380061315,6.529938006131
10,141,67.874910166680,6.787491016668
10,142,92.227579319751,9.222757931975
10,143,132.604622454167,13.260462245417
10,144,60.999411401778,6.099941140178
10,145,189.482467769560,18.948246776956
10,146,55.419215826451,5.541921582645
10,147,75.123546707824,7.512354670782
10,148,406.727534759915,40.672753475992
10,149,1609.056600245151,160.905660024515
10,150,894.793630617101,89.479363061710
10,151,756.241687372939,75.624168737294
10,152,338.925044551251,33.892504455125
10,153,265.584715917423,26.558471591742
10,154,181.784055727091,18.178405572709
10,155,509.381434280425,50.938143428043
10,156,548.769814865337,54.876981486534
10,157,258.341732978950,25.834173297895
10,158,675.857059551620,67.585705955162
10,159,470.064396776832,47.006439677683
10,160,1341.550467077346,134.155046707735
10,161,221.213178147117,22.121317814712
10,162,79.820613650157,7.982061365016
10,163,83.955550955555,8.395555095556
10,164,70.605510516718,7.060551051672
10,165,2058.723606245013,205.872360624501
10,166,661.264482881468,66.126448288147
10,167,2747.635193321302,274.763519332130
10,168,174.977028372305,17.497702837231
10,169,49.311530148013,4.931153014801
10,170,216.684283449295,21.668428344929
10,171,60.657951748436,6.065795174844
10,172,639.722192693895,63.972219269390
10,173,66.383525678141,6.638352567814
10,174,481.372050816084,48.137205081608
10,175,218.253741498519,21.825374149852
10,176,632.452826276292,63.245282627629
10,177,808.656237729435,80.865623772943
10,178,914.070620928383,91.407062092838
10,179,487.889398338811,48.788939833881
10,180,456.320847644197,45.632084764420
10,181,413.684247975876,41.368424797588
10,182,746.837771858260,74.683777185826
10,183,337.847539674068,33.784753967407
10,184,667.525085051177,66.752508505118
10,185,381.480340028786,38.148034002879
10,186,571.250962055082,57.125096205508
10,187,78.951035715627,7.895103571563
10,188,72.106048457200,7.210604845720
10,189,131.622510904581,13.162251090458
10,190,236.181046346914,23.618104634691
10,191,328.714368909487,32.871436890949
10,192,164.194890162215,16.419489016221
10,193,46.834982959240,4.683498295924
11,1,85.159460942256,8.515946094226
11,2,102.926180684737,10.292618068474
11,3,472.059468476057,47.205946847606
11,4,109.487893936653,10.948789393665
11,5,123.635657181282,12.363565718128
11,6,105.194295970139,10.519429597014
11,7,709.799180512710,70.979918051271
11,8,1620.235083866796,162.023508386680
11,9,410.193745840939,41.019374584094
11,10,901.179474083737,90.117947408374
11,11,746.430195669653,74.643019566965
11,12,409.575202277008,40.957520227701
11,13,441.450270069617,44.145027006962
11,14,473.422775889563,47.342277588956
11,15,140.047685855104,14.004768585510
11,16,603.330948791016,60.333094879102
11,17,650.576659153447,65.057665915345
11,18,679.229030647801,67.922903064780
11,19,639.449199766478,63.944919976648
11,20,330.223707739275,33.022370773927
11,21,996.761412410856,99.676141241086
11,22,804.908594822044,80.490859482204
11,23,471.025598757984,47.102559875798
11,24,770.607384313058,77.060738431306
11,25,623.169257825853,62.316925782585
11,26,735.519153199464,73.551915319946
11,27,41.896426826001,4.189642682600
11,28,166.750563496809,16.675056349681
11,29,810.942602783865,81.094260278386
11,30,630.087082776920,63.008708277692
11,31,512.442168506754,51.244216850675
11,32,211.281391927336,21.128139192734
11,33,609.268068704963,60.926806870496
11,34,1362.564391256611,136.256439125661
11,35,830.085829446846,83.008582944685
11,36,957.598841808068,95.759884180807
11,37,1173.997425940498,117.399742594050
11,38,475.482357297082,47.548235729708
11,39,917.339337175997,91.733933717600
11,40,1390.530205060702,139.053020506070
11,41,251.251974017391,25.125197401739
11,42,1533.393694078282,153.339369407828
11,43,799.220248949667,79.922024894967
11,44,246.582006775018,24.658200677502
11,45,451.479512141911,45.147951214191
11,46,1420.289960194042,142.028996019404
11,47,3597.375945558405,359.737594555841
11,48,250.932985931667,25.093298593167
11,49,513.391249725027,51.339124972503
11,50,610.512213902536,61.051221390254
11,51,2445.865529723193,244.586552972319
11,52,562.865476851872,56.286547685187
11,53,1168.169293622505,116.816929362251
11,54,501.914003402677,50.191400340268
11,55,1460.984315251018,146.098431525102
11,56,202.982660220106,20.298266022011
11,57,2300.403387765872,230.040338776587
11,58,1722.018498900758,172.201849890076
11,59,156.364568082666,15.636456808267
11,60,227.714778136783,22.771477813678
11,61,1090.172215163702,109.017221516370
11,62,1283.135257952040,128.313525795204
11,63,177.771235205655,17.777123520566
11,64,647.743439974800,64.774343997480
11,65,154.043929759012,15.404392975901
11,66,44.499204611685,4.449920461168
11,67,35.256616491030,3.525661649103
11,68,55.664429254780,5.566442925478
11,69,57.921544951017,5.792154495102
11,70,319.464826252507,31.946482625251
11,71,360.284118309727,36.028411830973
11,72,125.786076862638,12.578607686264
11,73,408.486609602848,40.848660960285
11,74,116.167577782340,11.616757778234
11,75,241.083862131919,24.108386213192
11,76,107.322074830468,10.732207483047
11,77,442.589185864199,44.258918586420
11,78,107.118215777981,10.711821577798
11,79,195.258840373126,19.525884037313
11,80,51.811364834241,5.181136483424
11,81,282.802737256181,28.280273725618
11,82,122.964407252612,12.296440725261
11,83,323.368122130222,32.336812213022
11,84,471.698956941243,47.169895694124
11,85,304.556716406989,30.455671640699
11,86,298.243135553944,29.824313555394
11,87,68.229351618859,6.822935161886
11,88,19.185025101801,1.918502510180
11,89,103.489359649882,10.348935964988
11,90,207.259025496933,20.725902549693
11,91,69.380458624762,6.938045862476
11,92,35.212526471135,3.521252647113
11,93,137.286422322231,13.728642232223
11,94,50.746787929753,5.074678792975
11,95,77.981129054516,7.798112905452
11,96,201.750247917641,20.175024791764
11,97,62.775755311869,6.277575531187
11,98,323.646961715504,32.364696171550
11,99,1038.400632176932,103.840063217693
11,100,243.346844275709,24.334684427571
11,101,379.516533308173,37.951653330817
11,102,111.728326922660,11.172832692266
11,103,117.128941875182,11.712894187518
11,104,247.437958138384,24.743795813838
11,105,165.874629546466,16.587462954647
11,106,196.309576127917,19.630957612792
11,107,37.274216133244,3.727421613324
11,108,1018.903677059122,101.890367705912
11,109,533.567246147168,53.356724614717
11,110,312.249004098369,31.224900409837
11,111,197.735397873164,19.773539787316
11,112,36.556217950633,3.655621795063
11,113,777.057085081994,77.705708508199
11,114,85.953814606307,8.595381460631
11,115,37.481100072750,3.748110007275
11,116,52.910957097564,5.291095709756
11,117,319.483800543814,31.948380054381
11,118,116.030999550233,11.603099955023
11,119,116.892267381693,11.689226738169
11,120,47.928601522963,4.792860152296
11,121,111.538492346356,11.153849234636
11,122,92.364925149932,9.236492514993
11,123,75.123160800252,7.512316080025
11,124,145.992597144706,14.599259714471
11,125,31.092997003125,3.109299700313
11,126,517.991369576216,51.799136957622
11,127,408.174221270617,40.817422127062
11,128,616.711032375313,61.671103237531
11,129,72.994648633978,7.299464863398
11,130,92.340359400801,9.234035940080
11,131,236.637003223066,23.663700322307
11,132,127.027747152649,12.702774715265
11,133,380.200799417350,38.020079941735
11,134,866.214530032009,86.621453003201
11,135,183.832558813898,18.383255881390
11,136,211.398629215165,21.139862921517
11,137,2515.824475074682,251.582447507468
11,138,54.365286111393,5.436528611139
11,139,57.678362367273,5.767836236727
11,140,66.699033776564,6.669903377656
11,141,69.329768851369,6.932976885137
11,142,94.204423110950,9.420442311095
11,143,135.446924361215,13.544692436121
11,144,62.306897823798,6.230689782380
11,145,193.543912759379,19.354391275938
11,146,56.607094046045,5.660709404604
11,147,76.733775643438,7.673377564344
11,148,415.445499686788,41.544549968679
11,149,1643.545779873891,164.354577987389
11,150,913.973004575919,91.397300457592
11,151,772.451282109739,77.245128210974
11,152,346.189703072540,34.618970307254
11,153,271.277367731242,27.127736773124
11,154,185.680489793273,18.568048979327
11,155,520.299725025304,52.029972502530
11,156,560.532372327167,56.053237232717
11,157,263.879135723485,26.387913572349
11,158,690.343657180739,69.034365718074
11,159,480.139950001649,48.013995000165
11,160,1370.305810446250,137.030581044625
11,161,225.954752207468,22.595475220747
11,162,81.531521446587,8.153152144659
11,163,85.755088695430,8.575508869543
11,164,72.118898010122,7.211889801012
11,165,2102.851133052270,210.285113305227
11,166,675.438297232517,67.543829723252
11,167,2806.529133859049,280.652913385905
11,168,178.727557820129,17.872755782013
11,169,50.368493725792,5.036849372579
11,170,221.328783321748,22.132878332175
11,171,61.958119184090,6.195811918409
11,172,653.434260754738,65.343426075474
11,173,67.806417415544,6.780641741554
11,174,491.689976938957,49.168997693896
11,175,222.931881779005,22.293188177900
11,176,646.009079753531,64.600907975353
11,177,825.989307452839,82.598930745284
11,178,933.663185810035,93.366318581003
11,179,498.347019963620,49.834701996362
11,180,466.101815995678,46.610181599568
11,181,422.551325949296,42.255132594930
11,182,762.845799209953,76.284579920995
11,183,345.089102513543,34.508910251354
11,184,681.833091718882,68.183309171888
11,185,389.657146220737,38.965714622074
11,186,583.495389653470,58.349538965347
11,187,80.643304621679,8.064330462168
11,188,73.651599096735,7.365159909674
11,189,134.443761829552,13.444376182955
11,190,241.243447838025,24.124344783802
11,191,335.760167617960,33.576016761796
11,192,167.714310833969,16.771431083397
11,193,47.838863208042,4.783886320804
12,1,85.827971781153,8.582797178115
12,2,103.734162165979,10.373416216598
12,3,475.765185583564,47.576518558356
12,4,110.347385565824,11.034738556582
12,5,124.606210258828,12.460621025883
12,6,106.020082397952,10.602008239795
12,7,715.371179681822,71.537117968182
12,8,1632.954101849533,163.295410184953
12,9,413.413810436322,41.341381043632
12,10,908.253828941668,90.825382894167
12,11,752.289752209388,75.228975220939
12,12,412.790411239531,41.279041123953
12,13,444.915701709388,44.491570170939
12,14,477.139195105474,47.713919510547
12,15,141.147075105818,14.114707510582
12,16,608.067161000975,60.806716100098
12,17,655.683755221983,65.568375522198
12,18,684.561050884388,68.456105088439
12,19,644.468944093619,64.446894409362
12,20,332.815999017796,33.281599901780
12,21,1004.586095665274,100.458609566527
12,22,811.227213023774,81.122721302377
12,23,474.723199878084,47.472319987808
12,24,776.656734358803,77.665673435880
12,25,628.061202874752,62.806120287475
12,26,741.293056893651,74.129305689365
12,27,42.225318239055,4.222531823906
12,28,168.059573181185,16.805957318119
12,29,817.308588590788,81.730858859079
12,30,635.033333488516,63.503333348852
12,31,516.464894110741,51.646489411074
12,32,212.939973357958,21.293997335796
12,33,614.050887938620,61.405088793862
12,34,1373.260666857351,137.326066685735
12,35,836.602091622055,83.660209162205
12,36,965.116094711971,96.511609471197
12,37,1183.213430778875,118.321343077887
12,38,479.214944446412,47.921494444641
12,39,924.540548680421,92.454054868042
12,40,1401.446015278499,140.144601527850
12,41,253.224328774763,25.322432877476
12,42,1545.430997901534,154.543099790153
12,43,805.494213030421,80.549421303042
12,44,248.517701792130,24.851770179213
12,45,455.023674400183,45.502367440018
12,46,1431.439387659404,143.143938765940
12,47,3625.615729894530,362.561572989453
12,48,252.902836598590,25.290283659859
12,49,517.421425717667,51.742142571767
12,50,615.304799808511,61.530479980851
12,51,2465.065834645402,246.506583464540
12,52,567.284030797054,56.728403079705
12,53,1177.339547001419,117.733954700142
12,54,505.854081789222,50.585408178922
12,55,1472.453197738012,147.245319773801
12,56,204.576095722912,20.457609572291
12,57,2318.461799380262,231.846179938026
12,58,1735.536527532660,173.553652753266
12,59,157.592046596809,15.759204659681
12,60,229.502363399499,22.950236339950
12,61,1098.730183169094,109.873018316909
12,62,1293.208006396189,129.320800639619
12,63,179.166758336778,17.916675833678
12,64,652.828294971012,65.282829497101
12,65,155.253191015138,15.525319101514
12,66,44.848528107583,4.484852810758
12,67,35.533384685736,3.553338468574
12,68,56.101400953356,5.610140095336
12,69,58.376235248219,5.837623524822
12,70,321.972659165408,32.197265916541
12,71,363.112387013019,36.311238701302
12,72,126.773510963729,12.677351096373
12,73,411.693272996931,41.169327299693
12,74,117.079505641166,11.707950564117
12,75,242.976396127964,24.297639612796
12,76,108.164564548970,10.816456454897
12,77,446.063558114265,44.606355811427
12,78,107.959105181208,10.795910518121
12,79,196.791643067453,19.679164306745
12,80,52.218089566719,5.221808956672
12,81,285.022768865510,28.502276886551
12,82,123.929690946723,12.392969094672
12,83,325.906596331512,32.590659633151
12,84,475.401843994802,47.540184399480
12,85,306.947519069711,30.694751906971
12,86,300.584375934497,30.058437593450
12,87,68.764959296308,6.876495929631
12,88,19.335629592285,1.933562959229
12,89,104.301762145986,10.430176214599
12,90,208.886030922644,20.888603092264
12,91,69.925102614814,6.992510261481
12,92,35.488948554489,3.548894855449
12,93,138.364135360103,13.836413536010
12,94,51.145155620141,5.114515562014
12,95,78.593289223516,7.859328922352
12,96,203.334008852605,20.333400885260
12,97,63.268551677434,6.326855167743
12,98,326.187624837236,32.618762483724
12,99,1046.552187741588,104.655218774159
12,100,245.257142922618,24.525714292262
12,101,382.495778517685,38.249577851768
12,102,112.605406189404,11.260540618940
12,103,118.048416544533,11.804841654453
12,104,249.380372464866,24.938037246487
12,105,167.176763056034,16.717676305603
12,106,197.850627209836,19.785062720984
12,107,37.566822700039,3.756682270004
12,108,1026.902179449444,102.690217944944
12,109,537.755805860705,53.775580586070
12,110,314.700192038788,31.470019203879
12,111,199.287641807648,19.928764180765
12,112,36.843188155219,3.684318815522
12,113,783.157065965746,78.315706596575
12,114,86.628561206075,8.662856120607
12,115,37.775330700506,3.777533070051
12,116,53.326313746428,5.332631374643
12,117,321.991782406921,32.199178240692
12,118,116.941855255390,11.694185525539
12,119,117.809884131061,11.780988413106
12,120,48.304846149887,4.830484614989
12,121,112.414081391457,11.241408139146
12,122,93.089999650327,9.308999965033
12,123,75.712885614048,7.571288561405
12,124,147.138654582246,14.713865458225
12,125,31.337080341375,3.133708034137
12,126,522.057656999655,52.205765699966
12,127,411.378432383020,41.137843238302
12,128,621.552279666548,62.155227966655
12,129,73.567664400557,7.356766440056
12,130,93.065241057449,9.306524105745
12,131,238.494628903034,23.849462890303
12,132,128.024928497769,12.802492849777
12,133,383.185416188702,38.318541618870
12,134,873.014406354950,87.301440635495
12,135,185.275663980948,18.527566398095
12,136,213.058130970982,21.305813097098
12,137,2535.573965169363,253.557396516936
12,138,54.792059397918,5.479205939792
12,139,58.131143655289,5.813114365529
12,140,67.222628295954,6.722262829595
12,141,69.874014921300,6.987401492130
12,142,94.943937866267,9.494393786627
12,143,136.510197144165,13.651019714417
12,144,62.796013608143,6.279601360814
12,145,195.063253089278,19.506325308928
12,146,57.051465763638,5.705146576364
12,147,77.336143955301,7.733614395530
12,148,418.706791109235,41.870679110924
12,149,1656.447789303151,165.644778930315
12,150,921.147790010878,92.114779001088
12,151,778.515106949585,77.851510694958
12,152,348.907329114996,34.890732911500
12,153,273.406923962211,27.340692396221
12,154,187.138101415340,18.713810141534
12,155,524.384133284885,52.438413328489
12,156,564.932611153326,56.493261115333
12,157,265.950615045193,26.595061504519
12,158,695.762928419449,69.576292841945
12,159,483.909099749799,48.390909974980
12,160,1381.062857012183,138.106285701218
12,161,227.728521079177,22.772852107918
12,162,82.171552574022,8.217155257402
12,163,86.428275275630,8.642827527563
12,164,72.685039041025,7.268503904103
12,165,2119.358738425483,211.935873842548
12,166,680.740559808035,68.074055980804
12,167,2828.560686488705,282.856068648871
12,168,180.130588185636,18.013058818564
12,169,50.763891766385,5.076389176638
12,170,223.066237844981,22.306623784498
12,171,62.444497018965,6.244449701896
12,172,658.563789300213,65.856378930021
12,173,68.338705014450,6.833870501445
12,174,495.549795628781,49.554979562878
12,175,224.681920795877,22.468192079588
12,176,651.080319837276,65.108031983728
12,177,832.473411494066,83.247341149407
12,178,940.992541264921,94.099254126492
12,179,502.259097150243,50.225909715024
12,180,469.760764896652,46.976076489665
12,181,425.868398864759,42.586839886476
12,182,768.834219985937,76.883421998594
12,183,347.798088724384,34.779808872438
12,184,687.185554112240,68.718555411224
12,185,392.715996321709,39.271599632171
12,186,588.075890611475,58.807589061148
12,187,81.276363152434,8.127636315243
12,188,74.229771994419,7.422977199442
12,189,135.499159679781,13.549915967978
12,190,243.137234598860,24.313723459886
12,191,338.395920696228,33.839592069623
12,192,169.030886037593,16.903088603759
12,193,48.214403379635,4.821440337964
13,1,84.011867373237,8.401186737324
13,2,101.539165998047,10.153916599805
13,3,465.698080038133,46.569808003813
13,4,108.012454783129,10.801245478313
13,5,121.969565316527,12.196956531653
13,6,103.776716570068,10.377671657007
13,7,700.234054502764,70.023405450276
13,8,1598.401087479641,159.840108747964
13,9,404.666048746916,40.466604874692
13,10,889.035341681441,88.903534168144
13,11,736.371436692147,73.637143669215
13,12,404.055840564728,40.405584056473
13,13,435.501365680504,43.550136568050
13,14,467.043015766297,46.704301576630
13,15,138.160428445709,13.816042844571
13,16,595.200569510052,59.520056951005
13,17,641.809605182720,64.180960518272
13,18,670.075862475550,67.007586247555
13,19,630.832097435777,63.083209743578
13,20,325.773672486042,32.577367248604
13,21,983.329235010096,98.332923501010
13,22,794.061791462256,79.406179146226
13,23,464.678142562309,46.467814256231
13,24,760.222817892701,76.022281789270
13,25,614.771541062749,61.477154106275
13,26,725.607429466563,72.560742946656
13,27,41.331838118436,4.133183811844
13,28,164.503462914184,16.450346291418
13,29,800.014486218756,80.001448621876
13,30,621.596142649817,62.159614264982
13,31,505.536590071124,50.553659007112
13,32,208.434201915252,20.843420191525
13,33,601.057681864576,60.105768186458
13,34,1344.202718748592,134.420271874859
13,35,818.899742204544,81.889974220454
13,36,944.694412160438,94.469441216044
13,37,1158.176847919598,115.817684791960
13,38,469.074842625442,46.907484262544
13,39,904.977437367054,90.497743736705
13,40,1371.791670279028,137.179167027903
13,41,247.866147634797,24.786614763480
13,42,1512.729956630571,151.272995663057
13,43,788.450100715090,78.845010071509
13,44,243.259112030501,24.325911203050
13,45,445.395455491653,44.539545549165
13,46,1401.150388308226,140.115038830823
13,47,3548.898354756514,354.889835475651
13,48,247.551458175106,24.755145817511
13,49,506.472881641711,50.647288164171
13,50,602.285061185382,60.228506118538
13,51,2412.905486041138,241.290548604114
13,52,555.280402987956,55.528040298796
13,53,1152.427254463799,115.242725446380
13,54,495.150300625174,49.515030062517
13,55,1441.296353560451,144.129635356045
13,56,200.247302422938,20.024730242294
13,57,2269.403565729177,226.940356572918
13,58,1698.812887531152,169.881288753115
13,59,154.257427305016,15.425742730502
13,60,224.646134769751,22.464613476975
13,61,1075.481250596724,107.548125059672
13,62,1265.843958149115,126.584395814912
13,63,175.375622034536,17.537562203454
13,64,639.014565955814,63.901456595581
13,65,151.968061485753,15.196806148575
13,66,43.899541339115,4.389954133912
13,67,34.781504672533,3.478150467253
13,68,54.914305424389,5.491430542439
13,69,57.141004635731,5.714100463573
13,70,315.159775749852,31.515977574985
13,71,355.428994373792,35.542899437379
13,72,124.091006329281,12.409100632928
13,73,402.981917569526,40.298191756953
13,74,114.602124411493,11.460212441149
13,75,237.835059395079,23.783505939508
13,76,105.875821865425,10.587582186542
13,77,436.624933650816,43.662493365082
13,78,105.674709980839,10.567470998084
13,79,192.627567382115,19.262756738211
13,80,51.113164206525,5.111316420652
13,81,278.991738466553,27.899173846655
13,82,121.307361031088,12.130736103109
13,83,319.010471514818,31.901047151482
13,84,465.342426691878,46.534242669188
13,85,300.452564909514,30.045256490951
13,86,294.224064735752,29.422406473575
13,87,67.309905156073,6.730990515607
13,88,18.926491156368,1.892649115637
13,89,102.094755664816,10.209475566482
13,90,204.466040170936,20.446604017094
13,91,68.445500051136,6.844550005114
13,92,34.738008801811,3.473800880181
13,93,135.436375203244,13.543637520324
13,94,50.062933348804,5.006293334880
13,95,76.930269394090,7.693026939409
13,96,199.031497886856,19.903149788686
13,97,61.929800531400,6.192980053140
13,98,319.285553508032,31.928555350803
13,99,1024.407332144654,102.440733214465
13,100,240.067545998781,24.006754599878
13,101,374.402236809087,37.440223680909
13,102,110.222696097440,11.022269609744
13,103,115.550533334842,11.555053333484
13,104,244.103528747344,24.410352874734
13,105,163.639332892109,16.363933289211
13,106,193.664143610982,19.366414361098
13,107,36.771915505088,3.677191550509
13,108,1005.173114485032,100.517311448503
13,109,526.376989967256,52.637698996726
13,110,308.041192716389,30.804119271639
13,111,195.070751239002,19.507075123900
13,112,36.063592936763,3.606359293676
13,113,766.585603654866,76.658560365487
13,114,84.795516470276,8.479551647028
13,115,36.976011513859,3.697601151386
13,116,52.197938562406,5.219793856241
13,117,315.178494347023,31.517849434702
13,118,114.467386683062,11.446738668306
13,119,115.317048224230,11.531704822423
13,120,47.282724314826,4.728272431483
13,121,110.035419697721,11.003541969772
13,122,91.120232042060,9.112023204206
13,123,74.110814605655,7.411081460566
13,124,144.025227180711,14.402522718071
13,125,30.673993371496,3.067399337150
13,126,511.011011105695,51.101101110570
13,127,402.673738926238,40.267373892624
13,128,608.400345496057,60.840034549606
13,129,72.010985886254,7.201098588625
13,130,91.095997336543,9.109599733654
13,131,233.448125556556,23.344812555656
13,132,125.315944093935,12.531594409393
13,133,375.077281871329,37.507728187133
13,134,854.541578922911,85.454157892291
13,135,181.355264336724,18.135526433672
13,136,208.549859334489,20.854985933449
13,137,2481.921677235985,248.192167723599
13,138,53.632669300188,5.363266930019
13,139,56.901099136718,5.690109913672
13,140,65.800209601600,6.580020960160
13,141,68.395493364006,6.839549336401
13,142,92.934941259619,9.293494125962
13,143,133.621665985685,13.362166598569
13,144,61.467261282456,6.146726128246
13,145,190.935749824246,19.093574982425
13,146,55.844267034584,5.584426703458
13,147,75.699725093085,7.569972509309
13,148,409.847030903126,40.984703090313
13,149,1621.397652742704,162.139765274270
13,150,901.656468859236,90.165646885924
13,151,762.041867654531,76.204186765453
13,152,341.524512939687,34.152451293969
13,153,267.621682747045,26.762168274704
13,154,183.178292930806,18.317829293081
13,155,513.288259572198,51.328825957220
13,156,552.978738959923,55.297873895992
13,157,260.323147982323,26.032314798232
13,158,681.040710301692,68.104071030169
13,159,473.669670448976,47.366967044898
13,160,1351.839815966499,135.183981596650
13,161,222.909826633098,22.290982663310
13,162,80.432817337270,8.043281733727
13,163,84.599468554007,8.459946855401
13,164,71.147036720191,7.114703672019
13,165,2074.513489645478,207.451348964548
13,166,666.336212301529,66.633621230153
13,167,2768.708852358365,276.870885235837
13,168,176.319057417573,17.631905741757
13,169,49.689736969450,4.968973696945
13,170,218.346196471519,21.834619647152
13,171,61.123182720925,6.112318272092
13,172,644.628698259132,64.462869825913
13,173,66.892670337963,6.689267033796
13,174,485.064051302002,48.506405130200
13,175,219.927691862485,21.992769186248
13,176,637.303577660744,63.730357766074
13,177,814.858424203653,81.485842420365
13,178,921.081308754796,92.108130875480
13,179,491.631385212972,49.163138521297
13,180,459.820711810346,45.982071181035
13,181,416.857100329797,41.685710032980
13,182,752.565826513549,75.256582651355
13,183,340.438743875742,34.043874387574
13,184,672.644831688303,67.264483168830
13,185,384.406196647106,38.440619664711
13,186,575.632310797523,57.563231079752
13,187,79.556569962437,7.955656996244
13,188,72.659083402810,7.265908340281
13,189,132.632021891755,13.263202189176
13,190,237.992494552931,23.799249455293
13,191,331.235524027830,33.123552402783
13,192,165.454222965680,16.545422296568
13,193,47.194195297286,4.719419529729
14,1,86.672881282186,8.667288128219
14,2,104.755344158015,10.475534415801
14,3,480.448723097249,48.044872309725
14,4,111.433669588899,11.143366958890
14,5,125.832861299865,12.583286129987
14,6,107.063767493376,10.706376749338
14,7,722.413451495258,72.241345149526
14,8,1649.029262508374,164.902926250837
14,9,417.483547248777,41.748354724878
14,10,917.194880133926,91.719488013393
14,11,759.695458600687,75.969545860069
14,12,416.854011172676,41.685401117268
14,13,449.295550093686,44.929555009369
14,14,481.836258672211,48.183625867221
14,15,142.536558071861,14.253655807186
14,16,614.053108366786,61.405310836679
14,17,662.138450852832,66.213845085283
14,18,691.300020988500,69.130002098850
14,19,650.813238648012,65.081323864801
14,20,336.092313182403,33.609231318240
14,21,1014.475462956838,101.447546295684
14,22,819.213112789976,81.921311278998
14,23,479.396479854463,47.939647985446
14,24,784.302314701476,78.430231470148
14,25,634.243976002522,63.424397600252
14,26,748.590509388703,74.859050938870
14,27,42.640993593184,4.264099359318
14,28,169.713988719309,16.971398871931
14,29,825.354354760557,82.535435476056
14,30,641.284741809169,64.128474180917
14,31,521.549088539769,52.154908853977
14,32,215.036201462925,21.503620146292
14,33,620.095740433334,62.009574043333
14,34,1386.779348013909,138.677934801391
14,35,844.837787294772,84.483778729477
14,36,974.616910601013,97.461691060101
14,37,1194.861244989897,119.486124498990
14,38,483.932442147890,48.393244214789
14,39,933.641929937137,93.364192993714
14,40,1415.242159226928,141.524215922693
14,41,255.717124967362,25.571712496736
14,42,1560.644561804084,156.064456180408
14,43,813.423675879111,81.342367587911
14,44,250.964164909709,25.096416490971
14,45,459.503027899019,45.950302789902
14,46,1445.530792986690,144.553079298669
14,47,3661.307091506752,366.130709150675
14,48,255.392467951237,25.539246795124
14,49,522.515036454990,52.251503645499
14,50,621.361996088477,62.136199608848
14,51,2489.332486893411,248.933248689341
14,52,572.868500026120,57.286850002612
14,53,1188.929537403855,118.892953740386
14,54,510.833821039383,51.083382103938
14,55,1486.948352065652,148.694835206565
14,56,206.589987970084,20.658998797008
14,57,2341.285249141776,234.128524914178
14,58,1752.621532235348,175.262153223535
14,59,159.143417492494,15.914341749249
14,60,231.761635328239,23.176163532824
14,61,1109.546325640678,110.954632564068
14,62,1305.938631491268,130.593863149127
14,63,180.930515457523,18.093051545752
14,64,659.254880820798,65.925488082080
14,65,156.781537700167,15.678153770017
14,66,45.290026918741,4.529002691874
14,67,35.883183168699,3.588318316870
14,68,56.653675528918,5.665367552892
14,69,58.950903794756,5.895090379476
14,70,325.142229098804,32.514222909880
14,71,366.686945509084,36.668694550908
14,72,128.021497391344,12.802149739134
14,73,415.746072459019,41.574607245902
14,74,118.232062140401,11.823206214040
14,75,245.368309409323,24.536830940932
14,76,109.229360400089,10.922936040009
14,77,450.454706250407,45.045470625041
14,78,109.021878444955,10.902187844496
14,79,198.728903444241,19.872890344424
14,80,52.732135967736,5.273213596774
14,81,287.828595921979,28.782859592198
14,82,125.149682182308,12.514968218231
14,83,329.114892810801,32.911489281080
14,84,480.081804693679,48.008180469368
14,85,309.969178207154,30.996917820715
14,86,303.543394886231,30.354339488623
14,87,69.441896735722,6.944189673572
14,88,19.525973798398,1.952597379840
14,89,105.328531717524,10.532853171752
14,90,210.942351123356,21.094235112336
14,91,70.613460761161,7.061346076116
14,92,35.838309598366,3.583830959837
14,93,139.726222452947,13.972622245295
14,94,51.648639822535,5.164863982253
14,95,79.366978912371,7.936697891237
14,96,205.335673722432,20.533567372243
14,97,63.891381266898,6.389138126690
14,98,329.398687823174,32.939868782317
14,99,1056.854678507710,105.685467850771
14,100,247.671508378906,24.767150837891
14,101,386.261151398671,38.626115139867
14,102,113.713918665963,11.371391866596
14,103,119.210511216591,11.921051121659
14,104,251.835327902985,25.183532790299
14,105,168.822488016404,16.882248801640
14,106,199.798312460295,19.979831246030
14,107,37.936638795704,3.793663879570
14,108,1037.011231196132,103.701123119613
14,109,543.049592725041,54.304959272504
14,110,317.798170200368,31.779817020037
14,111,201.249473347035,20.124947334704
14,112,37.205880632679,3.720588063268
14,113,790.866637007729,79.086663700773
14,114,87.481351886139,8.748135188614
14,115,38.147199394957,3.814719939496
14,116,53.851269750916,5.385126975092
14,117,325.161540593729,32.516154059373
14,118,118.093056693841,11.809305669384
14,119,118.969630637384,11.896963063738
14,120,48.780369718847,4.878036971885
14,121,113.520710424469,11.352071042447
14,122,94.006398156822,9.400639815682
14,123,76.458219973912,7.645821997391
14,124,148.587119979318,14.858711997932
14,125,31.645569478023,3.164556947802
14,126,527.196907821183,52.719690782118
14,127,415.428132484602,41.542813248460
14,128,627.670977517389,62.767097751739
14,129,74.291880729231,7.429188072923
14,130,93.981395834891,9.398139583489
14,131,240.842422678464,24.084242267846
14,132,129.285234155844,12.928523415584
14,133,386.957578015161,38.695757801516
14,134,881.608552892041,88.160855289204
14,135,187.099558517417,18.709955851742
14,136,215.155522245575,21.515552224558
14,137,2560.534715019163,256.053471501916
14,138,55.331444526167,5.533144452617
14,139,58.703399466083,5.870339946608
14,140,67.884382688525,6.788438268853
14,141,70.561870149115,7.056187014912
14,142,95.878586949824,9.587858694982
14,143,137.854033659947,13.785403365995
14,144,63.414191428538,6.341419142854
14,145,196.983498813573,19.698349881357
14,146,57.613092986921,5.761309298692
14,147,78.097458028617,7.809745802862
14,148,422.828633191879,42.282863319188
14,149,1672.754227007598,167.275422700760
14,150,930.215772202288,93.021577220229
14,151,786.178981522283,78.617898152228
14,152,352.342049885297,35.234204988530
14,153,276.098402077214,27.609840207721
14,154,188.980330197052,18.898033019705
14,155,529.546286452542,52.954628645254
14,156,570.493932488336,57.049393248834
14,157,268.568691609211,26.856869160921
14,158,702.612172278870,70.261217227887
14,159,488.672807752334,48.867280775233
14,160,1394.658344650986,139.465834465099
14,161,229.970330912534,22.997033091253
14,162,82.980467477214,8.298046747721
14,163,87.279094296783,8.727909429678
14,164,73.400566610817,7.340056661082
14,165,2140.222173702274,214.022217370227
14,166,687.441920154605,68.744192015461
14,167,2856.405662300998,285.640566230100
14,168,181.903833460183,18.190383346018
14,169,51.263622723236,5.126362272324
14,170,225.262151132967,22.526215113297
14,171,63.059214432456,6.305921443246
14,172,665.046836622306,66.504683662231
14,173,69.011446312616,6.901144631262
14,174,500.428097211272,50.042809721127
14,175,226.893739223498,22.689373922350
14,176,657.489698233974,65.748969823397
14,177,840.668463528183,84.066846352818
14,178,950.255879568472,95.025587956847
14,179,507.203446578013,50.720344657801
14,180,474.385193567600,47.438519356760
14,181,430.060741395097,43.006074139510
14,182,776.402793770277,77.640279377028
14,183,351.221889887411,35.122188988741
14,184,693.950360405495,69.395036040550
14,185,396.581979282907,39.658197928291
14,186,593.865039498429,59.386503949843
14,187,82.076465613342,8.207646561334
14,188,74.960506256410,7.496050625641
14,189,136.833043319574,13.683304331957
14,190,245.530731209632,24.553073120963
14,191,341.727164841625,34.172716484162
14,192,170.694863393896,17.069486339390
14,193,48.689036610000,4.868903661000
15,1,87.056748825361,8.705674882536
15,2,105.219297542296,10.521929754230
15,3,482.576593640240,48.257659364024
15,4,111.927200764269,11.192720076427
15,5,126.390165390871,12.639016539087
15,6,107.537944707548,10.753794470755
15,7,725.612965261031,72.561296526103
15,8,1656.332686627396,165.633268662740
15,9,419.332549857520,41.933254985752
15,10,921.257065906922,92.125706590692
15,11,763.060091516307,76.306009151631
15,12,418.700225614425,41.870022561442
15,13,451.285445622971,45.128544562297
15,14,483.970274503837,48.397027450384
15,15,143.167841554655,14.316784155465
15,16,616.772702484349,61.677270248435
15,17,665.071011264001,66.507101126400
15,18,694.361735757035,69.436173575703
15,19,653.695640562998,65.369564056300
15,20,337.580840258376,33.758084025838
15,21,1018.968496969494,101.896849696949
15,22,822.841344830850,82.284134483085
15,23,481.519690092841,48.151969009284
15,24,787.775929495359,78.777592949536
15,25,637.052993924153,63.705299392415
15,26,751.905959336041,75.190595933604
15,27,42.829847283140,4.282984728314
15,28,170.465638957864,17.046563895786
15,29,829.009785891068,82.900978589107
15,30,644.124942742515,64.412494274252
15,31,523.858989448805,52.385898944881
15,32,215.988580305395,21.598858030539
15,33,622.842096904835,62.284209690483
15,34,1392.921287376854,139.292128737685
15,35,848.579509053550,84.857950905355
15,36,978.933414142535,97.893341414253
15,37,1200.153193795141,120.015319379514
15,38,486.075741815347,48.607574181535
15,39,937.776958432181,93.777695843218
15,40,1421.510158197567,142.151015819757
15,41,256.849676499706,25.684967649971
15,42,1567.556536863012,156.755653686301
15,43,817.026266947969,81.702626694797
15,44,252.075665946522,25.207566594652
15,45,461.538131564565,46.153813156456
15,46,1451.932937993038,145.193293799304
15,47,3677.522739783718,367.752273978372
15,48,256.523581602559,25.652358160256
15,49,524.829215473252,52.482921547325
15,50,624.113960709149,62.411396070915
15,51,2500.357549539898,250.035754953990
15,52,575.405690672303,57.540569067230
15,53,1194.195215131177,119.419521513118
15,54,513.096264850548,51.309626485055
15,55,1493.533932264331,149.353393226433
15,56,207.504959180841,20.750495918084
15,57,2351.654621927851,235.165462192785
15,58,1760.383758571208,176.038375857121
15,59,159.848251481875,15.984825148187
15,60,232.788089834418,23.278808983442
15,61,1114.460421211990,111.446042121199
15,62,1311.722533521417,131.172253352142
15,63,181.731842832666,18.173184283267
15,64,662.174670121472,66.217467012147
15,65,157.475911105110,15.747591110511
15,66,45.490612974107,4.549061297411
15,67,36.042107034623,3.604210703462
15,68,56.904590312358,5.690459031236
15,69,59.211992825983,5.921199282598
15,70,326.582259092269,32.658225909227
15,71,368.310973864947,36.831097386495
15,72,128.588494783724,12.858849478372
15,73,417.587379925187,41.758737992519
15,74,118.755702874929,11.875570287493
15,75,246.455026831340,24.645502683134
15,76,109.713128859139,10.971312885914
15,77,452.449735593398,45.244973559340
15,78,109.504727982340,10.950472798234
15,79,199.609058514597,19.960905851460
15,80,52.965682553252,5.296568255325
15,81,289.103366696152,28.910336669615
15,82,125.703960525403,12.570396052540
15,83,330.572517427133,33.057251742713
15,84,482.208050183205,48.220805018320
15,85,311.342007922029,31.134200792203
15,86,304.887765299652,30.488776529965
15,87,69.749449569999,6.974944957000
15,88,19.612452838660,1.961245283866
15,89,105.795023705541,10.579502370554
15,90,211.876598616681,21.187659861668
15,91,70.926202362645,7.092620236264
15,92,35.997034722691,3.599703472269
15,93,140.345059174844,14.034505917484
15,94,51.877387686730,5.187738768673
15,95,79.718489174330,7.971848917433
15,96,206.245089671594,20.624508967159
15,97,64.174351293902,6.417435129390
15,98,330.857569345848,33.085756934585
15,99,1061.535406815451,106.153540681545
15,100,248.768426492498,24.876842649250
15,101,387.971872411029,38.797187241103
15,102,114.217548889595,11.421754888959
15,103,119.738485427028,11.973848542703
15,104,252.950687253875,25.295068725387
15,105,169.570189866725,16.957018986673
15,106,200.683203861158,20.068320386116
15,107,38.104657259095,3.810465725910
15,108,1041.604074397770,104.160407439777
15,109,545.454717717972,54.545471771797
15,110,319.205673920278,31.920567392028
15,111,202.140791828156,20.214079182816
15,112,37.370662624218,3.737066262422
15,113,794.369324681607,79.436932468161
15,114,87.868800083608,8.786880008361
15,115,38.316150415092,3.831615041509
15,116,54.089772894117,5.408977289412
15,117,326.601656116323,32.660165611632
15,118,118.616081783908,11.861608178391
15,119,119.496538006212,11.949653800621
15,120,48.996414234757,4.899641423476
15,121,114.023484943620,11.402348494362
15,122,94.422745283735,9.442274528374
15,123,76.796847565642,7.679684756564
15,124,149.245200936706,14.924520093671
15,125,31.785725277948,3.178572527795
15,126,529.531822488615,52.953182248861
15,127,417.268031819010,41.726803181901
15,128,630.450884132896,63.045088413290
15,129,74.620913770609,7.462091377061
15,130,94.397632228438,9.439763222844
15,131,241.909095295297,24.190909529530
15,132,129.857828541423,12.985782854142
15,133,388.671383447586,38.867138344759
15,134,885.513129551240,88.551312955124
15,135,187.928208111091,18.792820811109
15,136,216.108429550640,21.610842955064
15,137,2571.875126872631,257.187512687263
15,138,55.576503249915,5.557650324991
15,139,58.963392319622,5.896339231962
15,140,68.185037412553,6.818503741255
15,141,70.874383259736,7.087438325974
15,142,96.303225857299,9.630322585730
15,143,138.464578601281,13.846457860128
15,144,63.695048018350,6.369504801835
15,145,197.855923620696,19.785592362070
15,146,57.868256956694,5.786825695669
15,147,78.443345679957,7.844334567996
15,148,424.701308776282,42.470130877628
15,149,1680.162727174623,168.016272717462
15,150,934.335626507519,93.433562650752
15,151,789.660907929572,78.966090792957
15,152,353.902545798732,35.390254579873
15,153,277.321220722582,27.732122072258
15,154,189.817309584235,18.981730958424
15,155,531.891606337729,53.189160633773
15,156,573.020606357030,57.302060635703
15,157,269.758161744465,26.975816174447
15,158,705.723987697800,70.572398769780
15,159,490.837102135455,49.083710213545
15,160,1400.835179485698,140.083517948570
15,161,230.988851868852,23.098885186885
15,162,83.347981602864,8.334798160286
15,163,87.665646710900,8.766564671090
15,164,73.725652090331,7.372565209033
15,165,2149.701053549262,214.970105354926
15,166,690.486547690473,69.048654769047
15,167,2869.056463885943,286.905646388594
15,168,182.709471586103,18.270947158610
15,169,51.490665376231,5.149066537623
15,170,226.259819922170,22.625981992217
15,171,63.338498856380,6.333849885638
15,172,667.992278050967,66.799227805097
15,173,69.317092714986,6.931709271499
15,174,502.644454869747,50.264445486975
15,175,227.898634191208,22.789863419121
15,176,660.401669676365,66.040166967637
15,177,844.391719671796,84.439171967180
15,178,954.464489972102,95.446448997210
15,179,509.449811739146,50.944981173915
15,180,476.486209203392,47.648620920339
15,181,431.965447432013,43.196544743201
15,182,779.841422191870,77.984142219187
15,183,352.777424698134,35.277742469813
15,184,697.023813324020,69.702381332402
15,185,398.338410450331,39.833841045033
15,186,596.495222207449,59.649522220745
15,187,82.439975984076,8.243997598408
15,188,75.292500588963,7.529250058896
15,189,137.439066373003,13.743906637300
15,190,246.618167985345,24.661816798534
15,191,343.240648243389,34.324064824339
15,192,171.450857851149,17.145085785115
15,193,48.904676618576,4.890467661858
16,1,86.151703416780,8.615170341678
16,2,104.125433557946,10.412543355795
16,3,477.559708260812,47.755970826081
16,4,110.763601152364,11.076360115236
16,5,125.076208225916,12.507620822592
16,6,106.419975975440,10.641997597544
16,7,718.069464137029,71.806946413703
16,8,1639.113386419883,163.911338641988
16,9,414.973152061972,41.497315206197
16,10,911.679640964325,91.167964096433
16,11,755.127288584702,75.512728858470
16,12,414.347401486750,41.434740148675
16,13,446.593864257584,44.659386425758
16,14,478.938900362955,47.893890036296
16,15,141.679463003839,14.167946300384
16,16,610.360709042680,61.036070904268
16,17,658.156906691454,65.815690669145
16,18,687.143123652631,68.714312365263
16,19,646.899794794769,64.689979479477
16,20,334.071336473511,33.407133647351
16,21,1008.375260119811,100.837526011981
16,22,814.287053622212,81.428705362221
16,23,476.513792324550,47.651379232455
16,24,779.586179733279,77.958617973328
16,25,630.430165769497,63.043016576950
16,26,744.089115204330,74.408911520433
16,27,42.384586494553,4.238458649455
16,28,168.693471424143,16.869347142414
16,29,820.391367324874,82.039136732487
16,30,637.428594327865,63.742859432787
16,31,518.412930647605,51.841293064761
16,32,213.743154470536,21.374315447054
16,33,616.367005798398,61.636700579840
16,34,1378.440422508084,137.844042250808
16,35,839.757642870321,83.975764287032
16,36,968.756383599469,96.875638359947
16,37,1187.676353661628,118.767635366163
16,38,481.022479152910,48.102247915291
16,39,928.027792032638,92.802779203264
16,40,1406.732082295513,140.673208229551
16,41,254.179457090551,25.417945709055
16,42,1551.260157024338,155.126015702434
16,43,808.532429519303,80.853242951930
16,44,249.455077340147,24.945507734015
16,45,456.739962870081,45.673996287008
16,46,1436.838585667368,143.683858566737
16,47,3639.291067736461,363.929106773646
16,48,253.856752288869,25.385675228887
16,49,519.373070163878,51.937307016388
16,50,617.625647256233,61.762564725623
16,51,2474.363733430819,247.436373343082
16,52,569.423750323730,56.942375032373
16,53,1181.780314379814,118.178031437981
16,54,507.762095760518,50.776209576052
16,55,1478.007094354652,147.800709435465
16,56,205.347729407178,20.534772940718
16,57,2327.206727343452,232.720672734345
16,58,1742.082739298933,174.208273929893
16,59,158.186462728845,15.818646272884
16,60,230.368015633169,23.036801563317
16,61,1102.874446536024,110.287444653602
16,62,1298.085814113521,129.808581411352
16,63,179.842551397278,17.984255139728
16,64,655.290676026150,65.529067602615
16,65,155.838785296591,15.583878529659
16,66,45.017690760020,4.501769076002
16,67,35.667411862482,3.566741186248
16,68,56.313007937824,5.631300793782
16,69,58.596422603535,5.859642260354
16,70,323.187096992795,32.318709699279
16,71,364.481998394074,36.448199839407
16,72,127.251683699339,12.725168369934
16,73,413.246124985371,41.324612498537
16,74,117.521113884645,11.752111388465
16,75,243.892870611806,24.389287061181
16,76,108.572546826445,10.857254682644
16,77,447.746050223368,44.774605022337
16,78,108.366312493414,10.836631249341
16,79,197.533914836969,19.753391483697
16,80,52.415049219778,5.241504921978
16,81,286.097836646340,28.609783664634
16,82,124.397137173406,12.439713717341
16,83,327.135872443979,32.713587244398
16,84,477.194996196152,47.719499619615
16,85,308.105284077296,30.810528407730
16,86,301.718140016834,30.171814001683
16,87,69.024331529915,6.902433152992
16,88,19.408561002219,1.940856100222
16,89,104.695174449196,10.469517444920
16,90,209.673921106309,20.967392110631
16,91,70.188850753925,7.018885075392
16,92,35.622808124088,3.562280812409
16,93,138.886026381442,13.888602638144
16,94,51.338068309789,5.133806830979
16,95,78.889732603705,7.888973260370
16,96,204.100957551245,20.410095755125
16,97,63.507192196292,6.350719219629
16,98,327.417960951659,32.741796095166
16,99,1050.499642685191,105.049964268519
16,100,246.182220078468,24.618222007847
16,101,383.938501460221,38.393850146022
16,102,113.030138727872,11.303013872787
16,103,118.493679390410,11.849367939041
16,104,250.321001891334,25.032100189133
16,105,167.807331457220,16.780733145722
16,106,198.596893325967,19.859689332597
16,107,37.708519733135,3.770851973313
16,108,1030.775517188684,103.077551718868
16,109,539.784148870410,53.978414887041
16,110,315.887199092394,31.588719909239
16,111,200.039328150735,20.003932815073
16,112,36.982155735551,3.698215573555
16,113,786.111029722045,78.611102972205
16,114,86.955312557986,8.695531255799
16,115,37.917814197905,3.791781419791
16,116,53.527453472940,5.352745347294
16,117,323.206292364618,32.320629236462
16,118,117.382944300016,11.738294430002
16,119,118.254247264563,11.825424726456
16,120,48.487045571920,4.848704557192
16,121,112.838092278364,11.283809227836
16,122,93.441122684251,9.344112268425
16,123,75.998464496890,7.599846449689
16,124,147.693641917068,14.769364191707
16,125,31.455279619117,3.145527961912
16,126,524.026788690466,52.402678869047
16,127,412.930096834753,41.293009683475
16,128,623.896691773098,62.389669177310
16,129,73.845151795767,7.384515179577
16,130,93.416270705271,9.341627070527
16,131,239.394198760050,23.939419876005
16,132,128.507821413022,12.850782141302
16,133,384.630740352338,38.463074035234
16,134,876.307299986598,87.630729998660
16,135,185.974499016867,18.597449901687
16,136,213.861757758282,21.386175775828
16,137,2545.137811197222,254.513781119722
16,138,54.998727721079,5.499872772108
16,139,58.350406557883,5.835040655788
16,140,67.476183063214,6.747618306321
16,141,70.137570364461,7.013757036446
16,142,95.302053707297,9.530205370730
16,143,137.025095358397,13.702509535840
16,144,63.032871776575,6.303287177657
16,145,195.799005602857,19.579900560286
16,146,57.266656265560,5.726665626556
16,147,77.627845551602,7.762784555160
16,148,420.286097150391,42.028609715039
16,149,1662.695688921818,166.269568892182
16,150,924.622236330956,92.462223633096
16,151,781.451561857036,78.145156185704
16,152,350.223360916665,35.022336091667
16,153,274.438178328932,27.443817832893
16,154,187.843961316281,18.784396131628
16,155,526.362040133228,52.636204013323
16,156,567.063461439457,56.706346143946
16,157,266.953745211478,26.695374521148
16,158,698.387253172228,69.838725317223
16,159,485.734340182562,48.573434018256
16,160,1386.272041481143,138.627204148114
16,161,228.587482616750,22.858748261675
16,162,82.481492685210,8.248149268521
16,163,86.754271175787,8.675427117579
16,164,72.959197291373,7.295919729137
16,165,2127.352676259888,212.735267625989
16,166,683.308222194681,68.330822219468
16,167,2839.229639261386,283.922963926139
16,168,180.810016683476,18.081001668348
16,169,50.955366379746,5.095536637975
16,170,223.907613873474,22.390761387347
16,171,62.680029313814,6.268002931381
16,172,661.047803873210,66.104780387321
16,173,68.596469473890,6.859646947389
16,174,497.418943210210,49.741894321021
16,175,225.529390964467,22.552939096447
16,176,653.536107763888,65.353610776389
16,177,835.613389912832,83.561338991283
16,178,944.541839333778,94.454183933378
16,179,504.153551320076,50.415355132008
16,180,471.532639701772,47.153263970177
16,181,427.474717532967,42.747471753297
16,182,771.734159881953,77.173415988195
16,183,349.109936619589,34.910993661959
16,184,689.777526155800,68.977752615580
16,185,394.197268559511,39.419726855951
16,186,590.294034253808,59.029403425381
16,187,81.582926728796,8.158292672880
16,188,74.509756770959,7.450975677096
16,189,136.010244395858,13.601024439586
16,190,244.054315743913,24.405431574391
16,191,339.672304870561,33.967230487056
16,192,169.668447942795,16.966844794280
16,193,48.396261663630,4.839626166363
17,1,85.583419090462,8.558341909046
17,2,103.438588730562,10.343858873056
17,3,474.409570929543,47.440957092954
17,4,110.032968837911,11.003296883791
17,5,124.251165354898,12.425116535490
17,6,105.717995608767,10.571799560877
17,7,713.332847152191,71.333284715219
17,8,1628.301267684934,162.830126768493
17,9,412.235855771744,41.223585577174
17,10,905.665909023625,90.566590902362
17,11,750.146226278810,75.014622627881
17,12,411.614232848443,41.161423284844
17,13,443.647987586294,44.364798758629
17,14,475.779665437285,47.577966543729
17,15,140.744899727745,14.074489972775
17,16,606.334573625818,60.633457362582
17,17,653.815492192413,65.381549219241
17,18,682.610506749865,68.261050674986
17,19,642.632635824020,64.263263582402
17,20,331.867694562085,33.186769456209
17,21,1001.723692795592,100.172369279559
17,22,808.915754491207,80.891575449121
17,23,473.370554190971,47.337055419097
17,24,774.443778719879,77.444377871988
17,25,626.271645765409,62.627164576541
17,26,739.180864237906,73.918086423791
17,27,42.105004138928,4.210500413893
17,28,167.580715065761,16.758071506576
17,29,814.979802178660,81.497980217866
17,30,633.223910439596,63.322391043960
17,31,514.993312330572,51.499331233057
17,32,212.333235923067,21.233323592307
17,33,612.301250917612,61.230125091761
17,34,1369.347786427695,136.934778642770
17,35,834.218331545967,83.421833154597
17,36,962.366155118939,96.236615511894
17,37,1179.842058694072,117.984205869407
17,38,477.849500271844,47.784950027184
17,39,921.906222432925,92.190622243293
17,40,1397.452825333758,139.745282533376
17,41,252.502807694105,25.250280769411
17,42,1541.027546427961,154.102754642796
17,43,803.199089738512,80.319908973851
17,44,247.809591471028,24.780959147103
17,45,453.727159271220,45.372715927122
17,46,1427.360736532645,142.736073653264
17,47,3615.285134125393,361.528513412539
17,48,252.182231557018,25.218223155702
17,49,515.947118457990,51.594711845799
17,50,613.551589971843,61.355158997184
17,51,2458.042034943724,245.804203494372
17,52,565.667648244393,56.566764824439
17,53,1173.984911582446,117.398491158245
17,54,504.412733773754,50.441273377375
17,55,1468.257684504388,146.825768450439
17,56,203.993189781855,20.399318978185
17,57,2311.855723767202,231.185572376720
17,58,1730.591401616342,173.059140161634
17,59,157.143013976943,15.714301397694
17,60,228.848434157966,22.884843415797
17,61,1095.599532204603,109.559953220460
17,62,1289.523222857400,128.952322285740
17,63,178.656252123893,17.865625212389
17,64,650.968168105831,65.096816810583
17,65,154.810822579614,15.481082257961
17,66,44.720739602336,4.472073960234
17,67,35.432138149741,3.543213814974
17,68,55.941549237534,5.594154923753
17,69,58.209901766183,5.820990176618
17,70,321.055251023358,32.105525102336
17,71,362.077757982130,36.207775798213
17,72,126.412290692865,12.641229069286
17,73,410.520220720835,41.052022072083
17,74,116.745906844234,11.674590684423
17,75,242.284074846053,24.228407484605
17,76,107.856367410568,10.785636741057
17,77,444.792573363116,44.479257336312
17,78,107.651493465485,10.765149346549
17,79,196.230917644042,19.623091764404
17,80,52.069302708061,5.206930270806
17,81,284.210643359249,28.421064335925
17,82,123.576573673316,12.357657367332
17,83,324.977979082464,32.497797908246
17,84,474.047264622886,47.404726462289
17,85,306.072922593393,30.607292259339
17,86,299.727910188087,29.972791018809
17,87,68.569024853583,6.856902485358
17,88,19.280535895617,1.928053589562
17,89,104.004571427771,10.400457142777
17,90,208.290844530030,20.829084453003
17,91,69.725862534495,6.972586253449
17,92,35.387828631942,3.538782863194
17,93,137.969889511167,13.796988951117
17,94,50.999425910314,5.099942591031
17,95,78.369350570988,7.836935057099
17,96,202.754642033817,20.275464203382
17,97,63.088278344304,6.308827834430
17,98,325.258206843679,32.525820684368
17,99,1043.570209394098,104.357020939410
17,100,244.558323027796,24.455832302780
17,101,381.405919700412,38.140591970041
17,102,112.284555603069,11.228455560307
17,103,117.712056995324,11.771205699532
17,104,248.669804105554,24.866980410555
17,105,166.700420362879,16.670042036288
17,106,197.286884385266,19.728688438527
17,107,37.459782216833,3.745978221683
17,108,1023.976190569025,102.397619056903
17,109,536.223559128916,53.622355912892
17,110,313.803505595816,31.380350559582
17,111,198.719804446308,19.871980444631
17,112,36.738209549643,3.673820954964
17,113,780.925588700926,78.092558870093
17,114,86.381727367479,8.638172736748
17,115,37.667696108044,3.766769610804
17,116,53.174369185225,5.317436918523
17,117,321.074319776339,32.107431977634
17,118,116.608648670595,11.660864867060
17,119,117.474204240737,11.747420424074
17,120,48.167209434790,4.816720943479
17,121,112.093775953669,11.209377595367
17,122,92.824755005505,9.282475500551
17,123,75.497154197906,7.549715419791
17,124,146.719407183806,14.671940718381
17,125,31.247790484503,3.124779048450
17,126,520.570139561396,52.057013956140
17,127,410.206277193476,41.020627719348
17,128,619.781268663457,61.978126866346
17,129,73.358045439469,7.335804543947
17,130,92.800066958166,9.280006695817
17,131,237.815077679777,23.781507767978
17,132,127.660142518445,12.766014251844
17,133,382.093592362300,38.209359236230
17,134,870.526895376242,87.052689537624
17,135,184.747751446075,18.474775144608
17,136,212.451056865405,21.245105686541
17,137,2528.349264145222,252.834926414522
17,138,54.635938435531,5.463593843553
17,139,57.965508521443,5.796550852144
17,140,67.031088471769,6.703108847177
17,141,69.674920406963,6.967492040696
17,142,94.673410729389,9.467341072939
17,143,136.121233787283,13.612123378728
17,144,62.617086694531,6.261708669453
17,145,194.507452428865,19.450745242887
17,146,56.888906994383,5.688890699438
17,147,77.115787331471,7.711578733147
17,148,417.513754966691,41.751375496669
17,149,1651.728013739824,165.172801373982
17,150,918.523130871253,91.852313087125
17,151,776.296856183584,77.629685618358
17,152,347.913175060485,34.791317506048
17,153,272.627895895710,27.262789589571
17,154,186.604882171285,18.660488217129
17,155,522.889986935053,52.288998693505
17,156,563.322928584236,56.332292858424
17,157,265.192832504719,26.519283250472
17,158,693.780466377103,69.378046637710
17,159,482.530280351675,48.253028035168
17,160,1377.127745524796,137.712774552480
17,161,227.079646109616,22.707964610962
17,162,81.937418248544,8.193741824854
17,163,86.182012118855,8.618201211886
17,164,72.477934975747,7.247793497575
17,165,2113.319974240979,211.331997424098
17,166,678.800901534532,67.880090153453
17,167,2820.501167985502,282.050116798550
17,168,179.617335698104,17.961733569810
17,169,50.619248405208,5.061924840521
17,170,222.430647284758,22.243064728476
17,171,62.266571694063,6.226657169406
17,172,656.687320087176,65.668732008718
17,173,68.143985113201,6.814398511320
17,174,494.137807982130,49.413780798213
17,175,224.041726612793,22.404172661279
17,176,649.225173539774,64.922517353977
17,177,830.101415413017,83.010141541302
17,178,938.311337770180,93.831133777018
17,179,500.827992452288,50.082799245229
17,180,468.422258851919,46.842225885192
17,181,424.654956898682,42.465495689868
17,182,766.643553315263,76.664355331526
17,183,346.807095267944,34.680709526794
17,184,685.227531887383,68.522753188738
17,185,391.597016674577,39.159701667458
17,186,586.400265073613,58.640026507361
17,187,81.044779521993,8.104477952199
17,188,74.018266466631,7.401826646663
17,189,135.113077107883,13.511307710788
17,190,242.444455034177,24.244445503418
17,191,337.431717171344,33.743171717134
17,192,168.549260325922,16.854926032592
17,193,48.077024366338,4.807702436634
18,1,84.484936512606,8.448493651261
18,2,102.110931004264,10.211093100426
18,3,468.320416581976,46.832041658198
18,4,108.620670748599,10.862067074860
18,5,122.656373491343,12.265637349134
18,6,104.361081178656,10.436108117866
18,7,704.177058412541,70.417705841254
18,8,1607.401651929193,160.740165192919
18,9,406.944715147247,40.694471514725
18,10,894.041481850772,89.404148185077
18,11,740.517929475888,74.051792947589
18,12,406.331070895030,40.633107089503
18,13,437.953665131736,43.795366513174
18,14,469.672925616237,46.967292561624
18,15,138.938407045913,13.893840704591
18,16,598.552131973471,59.855213197347
18,17,645.423622190740,64.542362219074
18,18,673.849046211185,67.384904621118
18,19,634.384300317953,63.438430031795
18,20,327.608097498728,32.760809749873
18,21,988.866342200628,98.886634220063
18,22,798.533137476072,79.853313747607
18,23,467.294735858692,46.729473585869
18,24,764.503617325372,76.450361732537
18,25,618.233307274264,61.823330727426
18,26,729.693310341610,72.969331034161
18,27,41.564576869502,4.156457686950
18,28,165.429778612874,16.542977861287
18,29,804.519351737298,80.451935173730
18,30,625.096338055924,62.509633805592
18,31,508.383256465550,50.838325646555
18,32,209.607890723727,20.960789072373
18,33,604.442225610132,60.444222561013
18,34,1351.771897284648,135.177189728465
18,35,823.510950220584,82.351095022058
18,36,950.013967438762,95.001396743876
18,37,1164.698518509874,116.469851850987
18,38,471.716193651656,47.171619365166
18,39,910.073347157291,91.007334715729
18,40,1379.516201647544,137.951620164754
18,41,249.261876938363,24.926187693836
18,42,1521.248108661419,152.124810866142
18,43,792.889847410915,79.288984741092
18,44,244.628899209028,24.462889920903
18,45,447.903468364073,44.790346836407
18,46,1409.040238028841,140.904023802884
18,47,3568.882130178778,356.888213017878
18,48,248.945415468640,24.894541546864
18,49,509.324820275182,50.932482027518
18,50,605.676516279266,60.567651627927
18,51,2426.492508414875,242.649250841488
18,52,558.407175794740,55.840717579474
18,53,1158.916549208697,115.891654920870
18,54,497.938482032145,49.793848203215
18,55,1449.412264405820,144.941226440582
18,56,201.374890964653,20.137489096465
18,57,2282.182531669195,228.218253166919
18,58,1708.378868811897,170.837886881190
18,59,155.126047782790,15.512604778279
18,60,225.911112646815,22.591111264682
18,61,1081.537263937871,108.153726393787
18,62,1272.971900076610,127.297190007661
18,63,176.363158643066,17.636315864307
18,64,642.612844154034,64.261284415403
18,65,152.823790590537,15.282379059054
18,66,44.146738775493,4.414673877549
18,67,34.977358627407,3.497735862741
18,68,55.223526776306,5.522352677631
18,69,57.462764486224,5.746276448622
18,70,316.934434122999,31.693443412300
18,71,357.430407908955,35.743040790895
18,72,124.789760295870,12.478976029587
18,73,405.251100660992,40.525110066099
18,74,115.247446674410,11.524744667441
18,75,239.174303842056,23.917430384206
18,76,106.472006493809,10.647200649381
18,77,439.083559890743,43.908355989074
18,78,106.269762152238,10.626976215224
18,79,193.712249348715,19.371224934872
18,80,51.400981408518,5.140098140852
18,81,280.562735347518,28.056273534752
18,82,121.990440346860,12.199044034686
18,83,320.806813078548,32.080681307855
18,84,467.962760558865,46.796276055886
18,85,302.144407273538,30.214440727354
18,86,295.880834540282,29.588083454028
18,87,67.688925881344,6.768892588134
18,88,19.033065848285,1.903306584828
18,89,102.669649185297,10.266964918530
18,90,205.617384340255,20.561738434025
18,91,68.830915288474,6.883091528847
18,92,34.933617832310,3.493361783231
18,93,136.199014714302,13.619901471430
18,94,50.344836721911,5.034483672191
18,95,77.363462197340,7.736346219734
18,96,200.152240257625,20.015224025763
18,97,62.278525995489,6.227852599549
18,98,321.083444052946,32.108344405295
18,99,1030.175749275864,103.017574927586
18,100,241.419361533025,24.141936153303
18,101,376.510488291679,37.651048829168
18,102,110.843357887400,11.084335788740
18,103,116.201196069375,11.620119606938
18,104,245.478070819458,24.547807081946
18,105,164.560782691984,16.456078269198
18,106,194.754662517527,19.475466251753
18,107,36.978977423420,3.697897742342
18,108,1010.833224122561,101.083322412256
18,109,529.341008235307,52.934100823531
18,110,309.775766491319,30.977576649132
18,111,196.169190724875,19.616919072488
18,112,36.266666304925,3.626666630493
18,113,770.902231806486,77.090223180649
18,114,85.272998321984,8.527299832198
18,115,37.184222692721,3.718422269272
18,116,52.491864107031,5.249186410703
18,117,316.953258124215,31.695325812422
18,118,115.111950240533,11.511195024053
18,119,115.966396208791,11.596639620879
18,120,47.548972386652,4.754897238665
18,121,110.655026938032,11.065502693803
18,122,91.633328240239,9.163332824024
18,123,74.528131115568,7.452813111557
18,124,144.836230344908,14.483623034491
18,125,30.846718012656,3.084671801266
18,126,513.888503855115,51.388850385511
18,127,404.941186669947,40.494118666995
18,128,611.826235633183,61.182623563318
18,129,72.416478302783,7.241647830278
18,130,91.608957069582,9.160895706958
18,131,234.762667267117,23.476266726712
18,132,126.021595660496,12.602159566050
18,133,377.189334519120,37.718933451912
18,134,859.353485406312,85.935348540631
18,135,182.376472191070,18.237647219107
18,136,209.724199407572,20.972419940757
18,137,2495.897328397440,249.589732839744
18,138,53.934673784806,5.393467378481
18,139,57.221508084160,5.722150808416
18,140,66.170729261498,6.617072926150
18,141,68.780627014692,6.878062701469
18,142,93.458256048989,9.345825604899
18,143,134.374086905554,13.437408690555
18,144,61.813382197315,6.181338219732
18,145,192.010905200125,19.201090520013
18,146,56.158724981666,5.615872498167
18,147,76.125988726069,7.612598872607
18,148,412.154871310015,41.215487131002
18,149,1630.527710389797,163.052771038980
18,150,906.733678342445,90.673367834244
18,151,766.332910119909,76.633291011991
18,152,343.447630618907,34.344763061891
18,153,269.128655072408,26.912865507241
18,154,184.209766222583,18.420976622258
18,155,516.178575462037,51.617857546204
18,156,556.092551142752,55.609255114275
18,157,261.789022404880,26.178902240488
18,158,684.875636875412,68.487563687541
18,159,476.336894858463,47.633689485846
18,160,1359.451998843742,135.945199884374
18,161,224.165027393886,22.416502739389
18,162,80.885732917705,8.088573291770
18,163,85.075846463833,8.507584646383
18,164,71.547664256302,7.154766425630
18,165,2086.195033477797,208.619503347780
18,166,670.088338142075,67.008833814208
18,167,2784.299396348166,278.429939634817
18,168,177.311906491814,17.731190649181
18,169,49.969538881235,4.996953888123
18,170,219.575699522443,21.957569952244
18,171,61.467366136308,6.146736613631
18,172,648.258589523697,64.825858952370
18,173,67.269341622346,6.726934162235
18,174,487.795437241428,48.779543724143
18,175,221.166100282220,22.116610028222
18,176,640.892221318208,64.089222131821
18,177,819.446875639125,81.944687563913
18,178,926.267899121672,92.626789912167
18,179,494.399751677868,49.439975167787
18,180,462.409953011636,46.240995301164
18,181,419.204414296962,41.920441429696
18,182,756.803509581412,75.680350958141
18,183,342.355747611150,34.235574761115
18,184,676.432481238026,67.643248123803
18,185,386.570780226804,38.657078022680
18,186,578.873684788795,57.887368478879
18,187,80.004551411487,8.000455141149
18,188,73.068225243449,7.306822524345
18,189,133.378870145589,13.337887014559
18,190,239.332625514123,23.933262551412
18,191,333.100704616949,33.310070461695
18,192,166.385892375141,16.638589237514
18,193,47.459944863990,4.745994486399
19,1,82.020366568309,8.202036656831
19,2,99.132180685861,9.913218068586
19,3,454.658709884286,45.465870988429
19,4,105.452020199678,10.545202019968
19,5,119.078277512801,11.907827751280
19,6,101.316690135185,10.131669013518
19,7,683.635010501225,68.363501050122
19,8,1560.510999426122,156.051099942612
19,9,395.073442523488,39.507344252349
19,10,867.960764316059,86.796076431606
19,11,718.915756265680,71.891575626568
19,12,394.477699322547,39.447769932255
19,13,425.177808456778,42.517780845678
19,14,455.971763919197,45.597176391920
19,15,134.885336330015,13.488533633002
19,16,581.091343631207,58.109134363121
19,17,626.595512396840,62.659551239684
19,18,654.191718232523,65.419171823252
19,19,615.878226404247,61.587822640425
19,20,318.051209561871,31.805120956187
19,21,960.019421477072,96.001942147707
19,22,775.238561526970,77.523856152697
19,23,453.662950020121,45.366295002012
19,24,742.201740619995,74.220174062000
19,25,600.198385422325,60.019838542232
19,26,708.406909765887,70.840690976589
19,27,40.352067147315,4.035206714731
19,28,160.603909326696,16.060390932670
19,29,781.050147690486,78.105014769049
19,30,606.861209870293,60.686120987029
19,31,493.552848279334,49.355284827933
19,32,203.493270427032,20.349327042703
19,33,586.809613173004,58.680961317300
19,34,1312.338401479218,131.233840147922
19,35,799.487728798034,79.948772879803
19,36,922.300436867999,92.230043686800
19,37,1130.722272786384,113.072227278638
19,38,457.955426335009,45.795542633501
19,39,883.524952720441,88.352495272044
19,40,1339.273357081486,133.927335708149
19,41,241.990482113211,24.199048211321
19,42,1476.870702212580,147.687070221258
19,43,769.759895874822,76.975989587482
19,44,237.492656259884,23.749265625988
19,45,434.837358929152,43.483735892915
19,46,1367.936126878429,136.793612687843
19,47,3464.771740849648,346.477174084965
19,48,241.683252365248,24.168325236525
19,49,494.466945063937,49.446694506394
19,50,588.007897474479,58.800789747448
19,51,2355.707576175425,235.570757617543
19,52,542.117484413631,54.211748441363
19,53,1125.108973408473,112.510897340847
19,54,483.412765761508,48.341276576151
19,55,1407.130432268611,140.713043226861
19,56,195.500441337371,19.550044133737
19,57,2215.607368011348,221.560736801135
19,58,1658.542538368349,165.854253836835
19,59,150.600755929302,15.060075592930
19,60,219.320899511853,21.932089951185
19,61,1049.986974094902,104.998697409490
19,62,1235.837134822992,123.583713482299
19,63,171.218343981248,17.121834398125
19,64,623.866729557801,62.386672955780
19,65,148.365659512856,14.836565951286
19,66,42.858902978770,4.285890297877
19,67,33.957009315893,3.395700931589
19,68,53.612562148421,5.361256214842
19,69,55.786477468505,5.578647746850
19,70,307.688915183235,30.768891518323
19,71,347.003552224705,34.700355222470
19,72,121.149429779255,12.114942977925
19,73,393.429233665412,39.342923366541
19,74,111.885481749595,11.188548174960
19,75,232.197180759184,23.219718075918
19,76,103.366036152287,10.336603615229
19,77,426.274742255189,42.627474225519
19,78,103.169691623702,10.316969162370
19,79,188.061332069331,18.806133206933
19,80,49.901526959998,4.990152696000
19,81,272.378241003679,27.237824100368
19,82,118.431770775919,11.843177077592
19,83,311.448330228521,31.144833022852
19,84,454.311487298440,45.431148729844
19,85,293.330338686384,29.333033868638
19,86,287.249485071345,28.724948507134
19,87,65.714324263884,6.571432426388
19,88,18.477838798663,1.847783879866
19,89,99.674600102958,9.967460010296
19,90,199.619173932721,19.961917393272
19,91,66.822999888867,6.682299988887
19,92,33.914544514521,3.391454451452
19,93,132.225856753089,13.222585675309
19,94,48.876191818369,4.887619181837
19,95,75.106637826172,7.510663782617
19,96,194.313457440421,19.431345744042
19,97,60.461754986605,6.046175498660
19,98,311.716891404760,31.171689140476
19,99,1000.123762568989,100.012376256899
19,100,234.376746281529,23.437674628153
19,101,365.527034063511,36.552703406351
19,102,107.609867757081,10.760986775708
19,103,112.811408645185,11.281140864519
19,104,238.317056083593,23.831705608359
19,105,159.760263501536,15.976026350154
19,106,189.073336264999,18.907333626500
19,107,35.900237471772,3.590023747177
19,108,981.345491921961,98.134549192196
19,109,513.899226622730,51.389922662273
19,110,300.739078117269,30.073907811727
19,111,190.446600267755,19.044660026775
19,112,35.208705685620,3.520870568562
19,113,748.413696584381,74.841369658438
19,114,82.785439268270,8.278543926827
19,115,36.099495385897,3.609949538590
19,116,50.960586746373,5.096058674637
19,117,307.707190056174,30.770719005617
19,118,111.753937978196,11.175393797820
19,119,112.583458297702,11.258345829770
19,120,46.161887622626,4.616188762263
19,121,107.427030743278,10.742703074328
19,122,88.960227495907,8.896022749591
19,123,72.354018196343,7.235401819634
19,124,140.611110046688,14.061111004669
19,125,29.946866545255,2.994686654526
19,126,498.897498196590,49.889749819659
19,127,393.128360394989,39.312836039499
19,128,593.978219007776,59.397821900778
19,129,70.303965903958,7.030396590396
19,130,88.936567273937,8.893656727394
19,131,227.914239160611,22.791423916061
19,132,122.345330401650,12.234533040165
19,133,366.186077186659,36.618607718666
19,134,834.284675993849,83.428467599385
19,135,177.056238899046,17.705623889905
19,136,203.606186187849,20.360618618785
19,137,2423.087738977917,242.308773897792
19,138,52.361307200746,5.236130720075
19,139,55.552258927887,5.555225892789
19,140,64.240416033343,6.424041603334
19,141,66.774178609952,6.677417860995
19,142,90.731919042506,9.073191904251
19,143,130.454165206492,13.045416520649
19,144,60.010180227742,6.001018022774
19,145,186.409619036376,18.640961903638
19,146,54.520479024303,5.452047902430
19,147,73.905263570336,7.390526357034
19,148,400.131609529209,40.013160952921
19,149,1582.962431249543,158.296243124954
19,150,880.282707750895,88.028270775090
19,151,743.977669818287,74.397766981829
19,152,333.428676438398,33.342867643840
19,153,261.277712385822,26.127771238582
19,154,178.836052611397,17.883605261140
19,155,501.120764502050,50.112076450205
19,156,539.870381317378,53.987038131738
19,157,254.152189343291,25.415218934329
19,158,664.896644407661,66.489664440766
19,159,462.441333792942,46.244133379294
19,160,1319.794461354042,131.979446135404
19,161,217.625750549016,21.762575054902
19,162,78.526157891669,7.852615789167
19,163,82.594038666665,8.259403866667
19,164,69.460496647619,6.946049664762
19,165,2025.337159995439,202.533715999544
19,166,650.540716443125,65.054071644312
19,167,2703.076625858924,270.307662585892
19,168,172.139415234270,17.213941523427
19,169,48.511842056918,4.851184205692
19,170,213.170301212650,21.317030121265
19,171,59.674258046418,5.967425804642
19,172,629.347778889028,62.934777888903
19,173,65.306979994598,6.530697999460
19,174,473.565610917175,47.356561091717
19,175,214.714307264995,21.471430726499
19,176,622.196300229856,62.219630022986
19,177,795.542210215767,79.554221021577
19,178,899.247081934918,89.924708193492
19,179,479.977266217742,47.997726621774
19,180,448.920664634579,44.892066463458
19,181,406.975505302772,40.697550530277
19,182,734.726258174898,73.472625817490
19,183,332.368645523506,33.236864552351
19,184,656.699790045720,65.669979004572
19,185,375.293850094437,37.529385009444
19,186,561.986950372400,56.198695037240
19,187,77.670681955524,7.767068195552
19,188,70.936700272828,7.093670027283
19,189,129.487980619787,12.948798061979
19,190,232.350883917577,23.235088391758
19,191,323.383587946094,32.338358794609
19,192,161.532131616955,16.153213161695
19,193,46.075457184908,4.607545718491
20,1,80.491912251493,8.049191225149
20,2,97.284846714504,9.728484671450
20,3,446.186118296658,44.618611829666
20,4,103.486915650224,10.348691565022
20,5,116.859246863238,11.685924686324
20,6,99.428647702777,9.942864770278
20,7,670.895432191036,67.089543219104
20,8,1531.430785897377,153.143078589738
20,9,387.711225869877,38.771122586988
20,10,851.786264828286,85.178626482829
20,11,705.518719199570,70.551871919957
20,12,387.126584378246,38.712658437825
20,13,417.254595187437,41.725459518744
20,14,447.474703493013,44.747470349301
20,15,132.371740217065,13.237174021707
20,16,570.262672536473,57.026267253647
20,17,614.918868462030,61.491886846203
20,18,642.000817391752,64.200081739175
20,19,604.401299719253,60.440129971925
20,20,312.124306713679,31.212430671368
20,21,942.129403541562,94.212940354156
20,22,760.791945698429,76.079194569843
20,23,445.208914475663,44.520891447566
20,24,728.370767876725,72.837076787673
20,25,589.013653488934,58.901365348893
20,26,695.205705667482,69.520570566748
20,27,39.600104021517,3.960010402152
20,28,157.611046105296,15.761104610530
20,29,766.495232614688,76.649523261469
20,30,595.552315814545,59.555231581454
20,31,484.355462153276,48.435546215328
20,32,199.701161458972,19.970116145897
20,33,575.874381791703,57.587438179170
20,34,1287.882898793866,128.788289879387
20,35,784.589228322480,78.458922832248
20,36,905.113314411547,90.511331441155
20,37,1109.651197256364,110.965119725636
20,38,449.421400243961,44.942140024396
20,39,867.060413673595,86.706041367360
20,40,1314.315919926855,131.431591992685
20,41,237.480975359100,23.748097535910
20,42,1449.349130502746,144.934913050275
20,43,755.415375300384,75.541537530038
20,44,233.066966752995,23.306696675300
20,45,426.734139373131,42.673413937313
20,46,1342.444557336184,134.244455733618
20,47,3400.205517292543,340.020551729254
20,48,237.179470855417,23.717947085542
20,49,485.252524690962,48.525252469096
20,50,577.050335995300,57.705033599530
20,51,2311.808828039940,231.180882803994
20,52,532.015093459506,53.201509345951
20,53,1104.142502039890,110.414250203989
20,54,474.404340664834,47.440434066483
20,55,1380.908474558467,138.090847455847
20,56,191.857279205770,19.185727920577
20,57,2174.319395429723,217.431939542972
20,58,1627.635501391363,162.763550139136
20,59,147.794302055139,14.779430205514
20,60,215.233841752269,21.523384175227
20,61,1030.420405566831,103.042040556683
20,62,1212.807237705560,121.280723770556
20,63,168.027680150719,16.802768015072
20,64,612.240936650419,61.224093665042
20,65,145.600856790828,14.560085679083
20,66,42.060224820982,4.206022482098
20,67,33.324218465930,3.332421846593
20,68,52.613488924539,5.261348892454
20,69,54.746893205787,5.474689320579
20,70,301.955114295419,30.195511429542
20,71,340.537120781647,34.053712078165
20,72,118.891803086357,11.889180308636
20,73,386.097656939809,38.609765693981
20,74,109.800489268772,10.980048926877
20,75,227.870172747236,22.787017274724
20,76,101.439804037273,10.143980403727
20,77,418.331087560510,41.833108756051
20,78,101.247118400434,10.124711840043
20,79,184.556798173006,18.455679817301
20,80,48.971609093388,4.897160909339
20,81,267.302456589546,26.730245658955
20,82,116.224787817121,11.622478781712
20,83,305.644472421978,30.564447242198
20,84,445.845366223960,44.584536622396
20,85,287.864110709397,28.786411070940
20,86,281.896574156287,28.189657415629
20,87,64.489733996852,6.448973399685
20,88,18.133503194483,1.813350319448
20,89,97.817158114115,9.781715811412
20,90,195.899258978881,19.589925897888
20,91,65.577749386875,6.557774938688
20,92,33.282544998609,3.328254499861
20,93,129.761820197234,12.976182019723
20,94,47.965381131952,4.796538113195
20,95,73.707021247875,7.370702124787
20,96,190.692414822999,19.069241482300
20,97,59.335046654539,5.933504665454
20,98,305.908028945028,30.590802894503
20,99,981.486397897177,98.148639789718
20,100,230.009121938896,23.000912193890
20,101,358.715416455558,35.871541645556
20,102,105.604551592486,10.560455159249
20,103,110.709161462637,11.070916146264
20,104,233.876003837885,23.387600383788
20,105,156.783121669315,15.678312166932
20,106,185.549943611438,18.554994361144
20,107,35.231234451738,3.523123445174
20,108,963.058061419352,96.305806141935
20,109,504.322684549049,50.432268454905
20,110,295.134787848694,29.513478784869
20,111,186.897616759374,18.689761675937
20,112,34.552589400771,3.455258940077
20,113,734.466963679252,73.446696367925
20,114,81.242727777049,8.124272777705
20,115,35.426779183008,3.542677918301
20,116,50.010933238850,5.001093323885
20,117,301.973048615035,30.197304861503
20,118,109.671396823228,10.967139682323
20,119,110.485458983179,11.048545898318
20,120,45.301658153273,4.530165815327
20,121,105.425121757104,10.542512175710
20,122,87.302448465771,8.730244846577
20,123,71.005696845461,7.100569684546
20,124,137.990813806434,13.799081380643
20,125,29.388804939811,2.938880493981
20,126,489.600514207468,48.960051420747
20,127,385.802390460335,38.580239046034
20,128,582.909400238462,58.290940023846
20,129,68.993847397164,6.899384739716
20,130,87.279229153417,8.727922915342
20,131,223.667044015258,22.366704401526
20,132,120.065418030874,12.006541803087
20,133,359.362178271651,35.936217827165
20,134,818.737732376930,81.873773237693
20,135,173.756785556088,17.375678555609
20,136,199.811973027998,19.981197302800
20,137,2377.933357577033,237.793335757703
20,138,51.385551185823,5.138555118582
20,139,54.517039341340,5.451703934134
20,140,63.043292132191,6.304329213219
20,141,65.529837895341,6.552983789534
20,142,89.041124437021,8.904112443702
20,143,128.023144225983,12.802314422598
20,144,58.891887017656,5.889188701766
20,145,182.935864908797,18.293586490880
20,146,53.504486716465,5.350448671646
20,147,72.528034671395,7.252803467140
20,148,392.675133638306,39.267513363831
20,149,1553.463833978747,155.346383397875
20,150,863.878588128239,86.387858812824
20,151,730.113602530784,73.011360253078
20,152,327.215213597699,32.721521359770
20,153,256.408786970189,25.640878697019
20,154,175.503432336058,17.550343233606
20,155,491.782349815601,49.178234981560
20,156,529.809865260569,52.980986526057
20,157,249.416048465323,24.941604846532
20,158,652.506256642992,65.250625664299
20,159,453.823712554667,45.382371255467
20,160,1295.200014557867,129.520001455787
20,161,213.570281989264,21.357028198926
20,162,77.062818357426,7.706281835743
20,163,81.054893936822,8.105489393682
20,164,68.166096239633,6.816609623963
20,165,1987.594883842289,198.759488384229
20,166,638.417852233731,63.841785223373
20,167,2652.704635213908,265.270463521391
20,168,168.931587187197,16.893158718720
20,169,47.607821049564,4.760782104956
20,170,209.197860211254,20.919786021125
20,171,58.562224765783,5.856222476578
20,172,617.619846307543,61.761984630754
20,173,64.089980611795,6.408998061179
20,174,464.740688125598,46.474068812560
20,175,210.713093620722,21.071309362072
20,176,610.601635870468,61.060163587047
20,177,780.717234709210,78.071723470921
20,178,882.489560092788,88.248956009279
20,179,471.032861855525,47.103286185552
20,180,440.555001854989,44.055500185499
20,181,399.391493014794,39.939149301479
20,182,721.034591483180,72.103459148318
20,183,326.174936420759,32.617493642076
20,184,644.462151140365,64.446215114037
20,185,368.300227299863,36.830022729986
20,186,551.514290760768,55.151429076077
20,187,76.223284265268,7.622328426527
20,188,69.614790724149,6.961479072415
20,189,127.074964545428,12.707496454543
20,190,228.021011638304,22.802101163830
20,191,317.357315915571,31.735731591557
20,192,158.521970919016,15.852197091902
20,193,45.216838351805,4.521683835181
21,1,78.245836104617,7.824583610462
21,2,94.570174301515,9.457017430151
21,3,433.735575511166,43.373557551117
21,4,100.599178407388,10.059917840739
21,5,113.598363134928,11.359836313493
21,6,96.654153872594,9.665415387259
21,7,652.174517441439,65.217451744144
21,8,1488.697173754481,148.869717375448
21,9,376.892388151356,37.689238815136
21,10,828.017705253137,82.801770525314
21,11,685.831663419141,68.583166341914
21,12,376.324060712555,37.632406071255
21,13,405.611368343768,40.561136834377
21,14,434.988203548699,43.498820354870
21,15,128.677990125838,12.867799012584
21,16,554.349851603161,55.434985160316
21,17,597.759944489630,59.775994448963
21,18,624.086188680820,62.408618868082
21,19,587.535861882485,58.753586188249
21,20,303.414674397088,30.341467439709
21,21,915.839875545837,91.583987554584
21,22,739.562525323505,73.956252532350
21,23,432.785639947710,43.278563994771
21,24,708.046040061861,70.804604006186
21,25,572.577598234685,57.257759823469
21,26,675.806428038284,67.580642803828
21,27,38.495088044524,3.849508804452
21,28,153.213009069784,15.321300906978
21,29,745.106665608218,74.510666560822
21,30,578.933803303769,57.893380330377
21,31,470.839827852623,47.083982785262
21,32,194.128626247546,19.412862624755
21,33,559.804969643835,55.980496964383
21,34,1251.945337142800,125.194533714280
21,35,762.695759754796,76.269575975480
21,36,879.856697083739,87.985669708374
21,37,1078.687079051264,107.868707905126
21,38,436.880578952133,43.688057895213
21,39,842.865638589016,84.286563858902
21,40,1277.640761458967,127.764076145897
21,41,230.854218220764,23.085421822076
21,42,1408.905955288493,140.890595528849
21,43,734.335984738211,73.433598473821
21,44,226.563379746477,22.656337974648
21,45,414.826391815726,41.482639181573
21,46,1304.984486946564,130.498448694656
21,47,3305.324922544037,330.532492254404
21,48,230.561127010479,23.056112701048
21,49,471.711858424837,47.171185842484
21,50,560.948109585570,56.094810958557
21,51,2247.299257829038,224.729925782904
21,52,517.169547145937,51.716954714594
21,53,1073.332100507436,107.333210050744
21,54,461.166386145722,46.116638614572
21,55,1342.375092769330,134.237509276933
21,56,186.503622591400,18.650362259140
21,57,2113.646381295019,211.364638129502
21,58,1582.217357217311,158.221735721731
21,59,143.670195083335,14.367019508333
21,60,209.227876874086,20.922787687409
21,61,1001.667172733120,100.166717273312
21,62,1178.964615121845,117.896461512185
21,63,163.338973498773,16.333897349877
21,64,595.156738679636,59.515673867964
21,65,141.537956528492,14.153795652849
21,66,40.886560721569,4.088656072157
21,67,32.394327125098,3.239432712510
21,68,51.145342632921,5.114534263292
21,69,53.219215610542,5.321921561054
21,70,293.529246892406,29.352924689241
21,71,331.034646772537,33.103464677254
21,72,115.574202156005,11.557420215600
21,73,375.323844846643,37.532384484664
21,74,106.736575728101,10.673657572810
21,75,221.511599006400,22.151159900640
21,76,98.609190155471,9.860919015547
21,77,406.657821874753,40.665782187475
21,78,98.421881290045,9.842188129004
21,79,179.406856886669,17.940685688667
21,80,47.605087166128,4.760508716613
21,81,259.843549788187,25.984354978819
21,82,112.981608269142,11.298160826914
21,83,297.115655802657,29.711565580266
21,84,433.404331910576,43.340433191058
21,85,279.831443892067,27.983144389207
21,86,274.030427690289,27.403042769029
21,87,62.690188561826,6.269018856183
21,88,17.627499201720,1.762749920172
21,89,95.087631886575,9.508763188657
21,90,190.432813463109,19.043281346311
21,91,63.747843567227,6.374784356723
21,92,32.353816529653,3.235381652965
21,93,126.140898281383,12.614089828138
21,94,46.626937362599,4.662693736260
21,95,71.650273213801,7.165027321380
21,96,185.371263016022,18.537126301602
21,97,57.679339525254,5.767933952525
21,98,297.371857946823,29.737185794682
21,99,954.098637746666,95.409863774667
21,100,223.590862167198,22.359086216720
21,101,348.705688547739,34.870568854774
21,102,102.657723051599,10.265772305160
21,103,107.619891996346,10.761989199635
21,104,227.349841160750,22.734984116075
21,105,152.408187344064,15.240818734406
21,106,180.372289226764,18.037228922676
21,107,34.248129030167,3.424812903017
21,108,936.184532398797,93.618453239880
21,109,490.249877475528,49.024987747553
21,110,286.899237362218,28.689923736222
21,111,181.682356403780,18.168235640378
21,112,33.588421142184,3.358842114218
21,113,713.972125357683,71.397212535768
21,114,78.975700595523,7.897570059552
21,115,34.438217208793,3.443821720879
21,116,48.615409625499,4.861540962550
21,117,293.546680766121,29.354668076612
21,118,106.611085525994,10.661108552599
21,119,107.402431793771,10.740243179377
21,120,44.037543896998,4.403754389700
21,121,102.483300092832,10.248330009283
21,122,84.866328592631,8.486632859263
21,123,69.024327568525,6.902432756853
21,124,134.140267003543,13.414026700354
21,125,28.568728836336,2.856872883634
21,126,475.938520030666,47.593852003067
21,127,375.036817592429,37.503681759243
21,128,566.643680328932,56.664368032893
21,129,67.068617512753,6.706861751275
21,130,84.843757200574,8.484375720057
21,131,217.425755936087,21.742575593609
21,132,116.715068114211,11.671506811421
21,133,349.334402882449,34.933440288245
21,134,795.891371297902,79.589137129790
21,135,168.908211823910,16.890821182391
21,136,194.236345689488,19.423634568949
21,137,2311.578623990553,231.157862399055
21,138,49.951669723896,4.995166972390
21,139,52.995775673504,5.299577567350
21,140,61.284108746956,6.128410874696
21,141,63.701269015706,6.370126901571
21,142,86.556487905290,8.655648790529
21,143,124.450738968725,12.445073896873
21,144,57.248545979099,5.724854597910
21,145,177.831154744924,17.783115474492
21,146,52.011477692288,5.201147769229
21,147,70.504185515641,7.050418551564
21,148,381.717781197969,38.171778119797
21,149,1510.115403497532,151.011540349753
21,150,839.772599882747,83.977259988275
21,151,709.740242011901,70.974024201190
21,152,318.084479023269,31.808447902327
21,153,249.253861162690,24.925386116269
21,154,170.606119524887,17.060611952489
21,155,478.059472889480,47.805947288948
21,156,515.025854451841,51.502585445184
21,157,242.456250624322,24.245625062432
21,158,634.298480262256,63.429848026226
21,159,441.160047508782,44.116004750878
21,160,1259.058273397064,125.905827339706
21,161,207.610737699164,20.761073769916
21,162,74.912428917268,7.491242891727
21,163,78.793108140378,7.879310814038
21,164,66.263964230256,6.626396423026
21,165,1932.132299672315,193.213229967232
21,166,620.603203910287,62.060320391029
21,167,2578.682582075889,257.868258207589
21,168,164.217657578350,16.421765757835
21,169,46.279354769249,4.627935476925
21,170,203.360325598709,20.336032559871
21,171,56.928082744862,5.692808274486
21,172,600.385553248457,60.038555324846
21,173,62.301590043359,6.230159004336
21,174,451.772391747943,45.177239174794
21,175,204.833277373629,20.483327737363
21,176,593.563181556115,59.356318155611
21,177,758.931811686132,75.893181168613
21,178,857.864244389041,85.786424438904
21,179,457.888986330457,45.788898633046
21,180,428.261591829376,42.826159182938
21,181,388.246724793574,38.824672479357
21,182,700.914575052925,70.091457505292
21,183,317.073230126164,31.707323012616
21,184,626.478840460430,62.647884046043
21,185,358.023041278458,35.802304127846
21,186,536.124631620002,53.612463162000
21,187,74.096321495520,7.409632149552
21,188,67.672233807043,6.767223380704
21,189,123.529017645337,12.352901764534
21,190,221.658228833156,22.165822883316
21,191,308.501659771046,30.850165977105
21,192,154.098515099946,15.409851509995
21,193,43.955090938701,4.395509093870
22,1,74.792030481175,7.479203048118
22,2,90.395805209518,9.039580520952
22,3,414.590296422008,41.459029642201
22,4,96.158686422197,9.615868642220
22,5,108.584081417948,10.858408141795
22,6,92.387797005656,9.238779700566
22,7,623.387247371332,62.338724737133
22,8,1422.985425675756,142.298542567576
22,9,360.256192355719,36.025619235572
22,10,791.468639525354,79.146863952535
22,11,655.558752120901,65.555875212090
22,12,359.712951140055,35.971295114006
22,13,387.707504129897,38.770750412990
22,14,415.787632906975,41.578763290697
22,15,122.998087040444,12.299808704044
22,16,529.880605313028,52.988060531303
22,17,571.374557604807,57.137455760481
22,18,596.538749797343,59.653874979734
22,19,561.601770501181,56.160177050118
22,20,290.021817207008,29.002181720701
22,21,875.414300591234,87.541430059123
22,22,706.917910146356,70.691791014636
22,23,413.682291432169,41.368229143217
22,24,676.792576407233,67.679257640723
22,25,547.303771190446,54.730377119045
22,26,645.976035039528,64.597603503953
22,27,36.795897925509,3.679589792551
22,28,146.450119456052,14.645011945605
22,29,712.217329640216,71.221732964022
22,30,553.379410571894,55.337941057189
22,31,450.056750744166,45.005675074417
22,32,185.559703294146,18.555970329415
22,33,535.094932043858,53.509493204386
22,34,1196.683919271506,119.668391927151
22,35,729.030033434298,72.903003343430
22,36,841.019435454276,84.101943545428
22,37,1031.073356902772,103.107335690277
22,38,417.596478027707,41.759647802771
22,39,805.661178552667,80.566117855267
22,40,1221.245136255779,122.124513625578
22,41,220.664211483279,22.066421148328
22,42,1346.716226690406,134.671622669041
22,43,701.922071361482,70.192207136148
22,44,216.562772506646,21.656277250665
22,45,396.515772412416,39.651577241242
22,46,1247.381897672743,124.738189767274
22,47,3159.426426558604,315.942642655860
22,48,220.384057447936,22.038405744794
22,49,450.890289503345,45.089028950335
22,50,536.187613285734,53.618761328573
22,51,2148.102480075015,214.810248007501
22,52,494.341455848944,49.434145584894
22,53,1025.954749467348,102.595474946735
22,54,440.810299009238,44.081029900924
22,55,1283.122065707589,128.312206570759
22,56,178.271270653372,17.827127065337
22,57,2020.349100300737,202.034910030074
22,58,1512.377587104067,151.237758710407
22,59,137.328529476536,13.732852947654
22,60,199.992466356363,19.999246635636
22,61,957.453143128049,95.745314312805
22,62,1126.924598422388,112.692459842239
22,63,156.129119361065,15.612911936106
22,64,568.886258444331,56.888625844433
22,65,135.290408869405,13.529040886941
22,66,39.081809946658,3.908180994666
22,67,30.964427276591,3.096442727659
22,68,48.887764711940,4.888776471194
22,69,50.870096024101,5.087009602410
22,70,280.572736820658,28.057273682066
22,71,316.422631852682,31.642263185268
22,72,110.472706035527,11.047270603553
22,73,358.756885242427,35.875688524243
22,74,102.025176325533,10.202517632553
22,75,211.733979590549,21.173397959055
22,76,94.256537127050,9.425653712705
22,77,388.707766741725,38.870776674172
22,78,94.077496157336,9.407749615734
22,79,171.487759308482,17.148775930848
22,80,45.503777678694,4.550377767869
22,81,248.373941203855,24.837394120386
22,82,107.994550383227,10.799455038323
22,83,284.000840064068,28.400084006407
22,84,414.273674059651,41.427367405965
22,85,267.479560869971,26.747956086997
22,86,261.934604075016,26.193460407502
22,87,59.923016063344,5.992301606334
22,88,16.849413633196,1.684941363320
22,89,90.890421989162,9.089042198916
22,90,182.027025311681,18.202702531168
22,91,60.933985711578,6.093398571158
22,92,30.925704836649,3.092570483665
22,93,120.572983545986,12.057298354599
22,94,44.568803837749,4.456880383775
22,95,68.487598637532,6.848759863753
22,96,177.188893927738,17.718889392774
22,97,55.133348107354,5.513334810735
22,98,284.245733332894,28.424573333289
22,99,911.984304199740,91.198430419974
22,100,213.721463160830,21.372146316083
22,101,333.313666071014,33.331366607101
22,102,98.126366000325,9.812636600033
22,103,102.869502625157,10.286950262516
22,104,217.314519168155,21.731451916815
22,105,145.680822915319,14.568082291532
22,106,172.410577040422,17.241057704042
22,107,32.736401550144,3.273640155014
22,108,894.860935341754,89.486093534175
22,109,468.610032238870,46.861003223887
22,110,274.235378827457,27.423537882746
22,111,173.662817275991,17.366281727599
22,112,32.105813458519,3.210581345852
22,113,682.457081691406,68.245708169141
22,114,75.489678432408,7.548967843241
22,115,32.918099152951,3.291809915295
22,116,46.469504060300,4.646950406030
22,117,280.589401155518,28.058940115552
22,118,101.905225316147,10.190522531615
22,119,102.661641211577,10.266164121158
22,120,42.093707338709,4.209370733871
22,121,97.959642147683,9.795964214768
22,122,81.120291518630,8.112029151863
22,123,65.977563388106,6.597756338811
22,124,128.219256614089,12.821925661409
22,125,27.307692579051,2.730769257905
22,126,454.930384406722,45.493038440672
22,127,358.482527497467,35.848252749747
22,128,541.631779031188,54.163177903119
22,129,64.108179234448,6.410817923445
22,130,81.098716437747,8.109871643775
22,131,207.828487430589,20.782848743059
22,132,111.563213668509,11.156321366851
22,133,333.914628678439,33.391462867844
22,134,760.760376082226,76.076037608223
22,135,161.452529056804,16.145252905680
22,136,185.662667952537,18.566266795254
22,137,2209.544526739769,220.954452673977
22,138,47.746781050177,4.774678105018
22,139,50.656518824167,5.065651882417
22,140,58.579001229989,5.857900122999
22,141,60.889466981248,6.088946698125
22,142,82.735846455782,8.273584645578
22,143,118.957428608835,11.895742860883
22,144,54.721569977819,5.472156997782
22,145,169.981609352374,16.998160935237
22,146,49.715668188802,4.971566818880
22,147,67.392099754495,6.739209975450
22,148,364.868590430722,36.486859043072
22,149,1443.458245336771,144.345824533677
22,150,802.704667935420,80.270466793542
22,151,678.411995537974,67.841199553797
22,152,304.044090204222,30.404409020422
22,153,238.251686092348,23.825168609235
22,154,163.075490365006,16.307549036501
22,155,456.957717473410,45.695771747341
22,156,492.292386693307,49.229238669331
22,157,231.754125073189,23.175412507319
22,158,606.300266336322,60.630026633632
22,159,421.687048959867,42.168704895987
22,160,1203.482887390758,120.348288739076
22,161,198.446708415949,19.844670841595
22,162,71.605761353333,7.160576135333
22,163,75.315145688550,7.531514568855
22,164,63.339043701782,6.333904370178
22,165,1846.847130082968,184.684713008297
22,166,593.209505506633,59.320950550663
22,167,2464.858398624923,246.485839862492
22,168,156.969017938865,15.696901793886
22,169,44.236563692959,4.423656369296
22,170,194.383911375225,19.438391137523
22,171,54.415252131703,5.441525213170
22,172,573.884270838100,57.388427083810
22,173,59.551570454414,5.955157045441
22,174,431.830959656288,43.183095965629
22,175,195.791846410896,19.579184641090
22,176,567.363041633196,56.736304163320
22,177,725.432227689022,72.543222768902
22,178,819.997739295282,81.999773929528
22,179,437.677565063439,43.767756506344
22,180,409.357936787758,40.935793678776
22,181,371.109343584148,37.110934358415
22,182,669.975897400689,66.997589740069
22,183,303.077478278251,30.307747827825
22,184,598.825788874953,59.882578887495
22,185,342.219746753800,34.221974675380
22,186,512.459854556602,51.245985455660
22,187,70.825677272159,7.082567727216
22,188,64.685151639998,6.468515164000
22,189,118.076392470097,11.807639247010
22,190,211.874137112254,21.187413711225
22,191,294.884260808961,29.488426080896
22,192,147.296538860537,14.729653886054
22,193,42.014893890260,4.201489389026
23,1,71.040552115376,7.104055211538
23,2,85.861660255560,8.586166025556
23,3,393.794945397423,39.379494539742
23,4,91.335482272294,9.133548227229
23,5,103.137634387577,10.313763438758
23,6,87.753736137129,8.775373613713
23,7,592.118892213929,59.211889221393
23,8,1351.610186831105,135.161018683111
23,9,342.186174693772,34.218617469377
23,10,751.769523733395,75.176952373339
23,11,622.676712948145,62.267671294815
23,12,341.670181804633,34.167018180463
23,13,368.260561659637,36.826056165964
23,14,394.932224923232,39.493222492323
23,15,116.828650810430,11.682865081043
23,16,503.302430947393,50.330243094739
23,17,542.715096458581,54.271509645858
23,18,566.617083012418,56.661708301242
23,19,533.432500611390,53.343250061139
23,20,275.474671396657,27.547467139666
23,21,831.504571323943,83.150457132394
23,22,671.459757329158,67.145975732916
23,23,392.932484846657,39.293248484666
23,24,642.845474126537,64.284547412654
23,25,519.851671763114,51.985167176311
23,26,613.574653439312,61.357465343931
23,27,34.950259905928,3.495025990593
23,28,139.104357464119,13.910435746412
23,29,676.493364309912,67.649336430991
23,30,525.622564374735,52.562256437474
23,31,427.482444993453,42.748244499345
23,32,176.252251577785,17.625225157778
23,33,508.255213315849,50.825521331585
23,34,1136.659692024769,113.665969202477
23,35,692.462763086757,69.246276308676
23,36,798.834911287392,79.883491128739
23,37,979.355956437941,97.935595643794
23,38,396.650340546531,39.665034054653
23,39,765.250182059325,76.525018205933
23,40,1159.988947882150,115.998894788215
23,41,209.595959823845,20.959595982385
23,42,1279.166559208501,127.916655920850
23,43,666.714503813862,66.671450381386
23,44,205.700244097277,20.570024409728
23,45,376.627017790656,37.662701779066
23,46,1184.814720756925,118.481472075693
23,47,3000.953393919754,300.095339391975
23,48,209.329857978234,20.932985797823
23,49,428.274174450197,42.827417445020
23,50,509.293086979789,50.929308697979
23,51,2040.356241208702,204.035624120870
23,52,469.545882510394,46.954588251039
23,53,974.494092200067,97.449409220007
23,54,418.699784165402,41.869978416540
23,55,1218.762204914757,121.876220491476
23,56,169.329397959222,16.932939795922
23,57,1919.010817433180,191.901081743318
23,58,1436.518544871370,143.651854487137
23,59,130.440295475884,13.044029547588
23,60,189.961084589725,18.996108458972
23,61,909.428444111281,90.942844411128
23,62,1070.399414874488,107.039941487449
23,63,148.297870365869,14.829787036587
23,64,540.351607393622,54.035160739362
23,65,128.504404549046,12.850440454905
23,66,37.121513327247,3.712151332725
23,67,29.411288816649,2.941128881665
23,68,46.435613186046,4.643561318605
23,69,48.318513141903,4.831851314190
23,70,266.499545526825,26.649954552683
23,71,300.551252907523,30.055125290752
23,72,104.931527864039,10.493152786404
23,73,340.762071023454,34.076207102345
23,74,96.907716092275,9.690771609227
23,75,201.113657630731,20.111365763073
23,76,89.528742499836,8.952874249984
23,77,369.210652300945,36.921065230094
23,78,89.358682009997,8.935868201000
23,79,162.886139391142,16.288613939114
23,80,43.221362875599,4.322136287560
23,81,235.915802802478,23.591580280248
23,82,102.577673521075,10.257767352107
23,83,269.755699231351,26.975569923135
23,84,393.494204432254,39.349420443225
23,85,254.063107546782,25.406310754678
23,86,248.796279120876,24.879627912088
23,87,56.917349591544,5.691734959154
23,88,16.004267294546,1.600426729455
23,89,86.331467651955,8.633146765195
23,90,172.896768477439,17.289676847744
23,91,57.877610217180,5.787761021718
23,92,29.374508647759,2.937450864776
23,93,114.525187592827,11.452518759283
23,94,42.333286198888,4.233328619889
23,95,65.052342996505,6.505234299651
23,96,168.301311949374,16.830131194937
23,97,52.367925624128,5.236792562413
23,98,269.988308948120,26.998830894812
23,99,866.240267500335,86.624026750034
23,100,203.001451413634,20.300145141363
23,101,316.595053148673,31.659505314867
23,102,93.204465407490,9.320446540749
23,103,97.709691999399,9.770969199940
23,104,206.414284049673,20.641428404967
23,105,138.373647913348,13.837364791335
23,106,163.762669694667,16.376266969467
23,107,31.094382990153,3.109438299015
23,108,849.975786245844,84.997578624584
23,109,445.105116185239,44.510511618524
23,110,260.480061794489,26.048006179449
23,111,164.952099064929,16.495209906493
23,112,30.495424439381,3.049542443938
23,113,648.225854633114,64.822585463311
23,114,71.703206883791,7.170320688379
23,115,31.266966859564,3.126696685956
23,116,44.138649582489,4.413864958249
23,117,266.515373998676,26.651537399868
23,118,96.793781681365,9.679378168137
23,119,97.512256664521,9.751225666452
23,120,39.982337565733,3.998233756573
23,121,93.046104222930,9.304610422293
23,122,77.051395184333,7.705139518433
23,123,62.668208098696,6.266820809870
23,124,121.787932792929,12.178793279293
23,125,25.937971536967,2.593797153697
23,126,432.111623048504,43.211162304850
23,127,340.501474733265,34.050147473327
23,128,514.464179914111,51.446417991411
23,129,60.892590007607,6.089259000761
23,130,77.030902283579,7.703090228358
23,131,197.404060263996,19.740406026400
23,132,105.967336944693,10.596733694469
23,133,317.165872193932,31.716587219393
23,134,722.601549880174,72.260154988017
23,135,153.354264228807,15.335426422881
23,136,176.350051652653,17.635005165265
23,137,2098.716428652223,209.871642865222
23,138,45.351859893552,4.535185989355
23,139,48.115648717646,4.811564871765
23,140,55.640748927029,5.564074892703
23,141,57.835324492863,5.783532449286
23,142,78.585915827370,7.858591582737
23,143,112.990666949790,11.299066694979
23,144,51.976801790705,5.197680179070
23,145,161.455536106780,16.145553610678
23,146,47.221990019462,4.722199001946
23,147,64.011793020901,6.401179302090
23,148,346.567220424394,34.656722042439
23,149,1371.056114461632,137.105611446163
23,150,762.441966461580,76.244196646158
23,151,644.383665139857,64.438366513986
23,152,288.793604031938,28.879360403194
23,153,226.301267842697,22.630126784270
23,154,154.895819748223,15.489581974822
23,155,434.037267524962,43.403726752496
23,156,467.599592201085,46.759959220109
23,157,220.129616675658,22.012961667566
23,158,575.888973612941,57.588897361294
23,159,400.535733356677,40.053573335668
23,160,1143.117632073985,114.311763207398
23,161,188.492860009949,18.849286000995
23,162,68.014102417810,6.801410241781
23,163,71.537428492616,7.153742849262
23,164,60.162033388932,6.016203338893
23,165,1754.211497531334,175.421149753133
23,166,563.454829614330,56.345482961433
23,167,2341.224063553254,234.122406355325
23,168,149.095640640375,14.909564064037
23,169,42.017710820485,4.201771082048
23,170,184.633847986224,18.463384798622
23,171,51.685848479625,5.168584847963
23,172,545.098925492201,54.509892549220
23,173,56.564535247964,5.656453524796
23,174,410.170837683257,41.017083768326
23,175,185.971162692526,18.597116269253
23,176,538.904793307170,53.890479330717
23,177,689.045418953914,68.904541895391
23,178,778.867638144400,77.886763814440
23,179,415.724184389486,41.572418438949
23,180,388.825034634312,38.882503463431
23,181,352.494944899621,35.249494489962
23,182,636.370711546854,63.637071154685
23,183,287.875476198523,28.787547619852
23,184,568.789406958399,56.878940695840
23,185,325.054415527509,32.505441552751
23,186,486.755484113102,48.675548411310
23,187,67.273146416663,6.727314641666
23,188,61.440622170685,6.144062217069
23,189,112.153822524965,11.215382252496
23,190,201.246785019586,20.124678501959
23,191,280.093220671095,28.009322067110
23,192,139.908321488481,13.990832148848
23,193,39.907477305142,3.990747730514
24,1,68.580993496708,6.858099349671
24,2,82.888966769851,8.288896676985
24,3,380.161017688545,38.016101768855
24,4,88.173274689108,8.817327468911
24,5,99.566813919361,9.956681391936
24,6,84.715535396715,8.471553539671
24,7,571.618613411826,57.161861341183
24,8,1304.814879290424,130.481487929042
24,9,330.339040485272,33.033904048527
24,10,725.741837344544,72.574183734454
24,11,601.118464449629,60.111846444963
24,12,329.840912248362,32.984091224836
24,13,355.510682733104,35.551068273310
24,14,381.258922440703,38.125892244070
24,15,112.783821393263,11.278382139326
24,16,485.877146444786,48.587714644479
24,17,523.925270743156,52.392527074316
24,18,546.999725200448,54.699972520045
24,19,514.964055965504,51.496405596550
24,20,265.937215928155,26.593721592816
24,21,802.716306396898,80.271630639690
24,22,648.212547333591,64.821254733359
24,23,379.328417157411,37.932841715741
24,24,620.588944872778,62.058894487278
24,25,501.853421163415,50.185342116341
24,26,592.331535499977,59.233153549998
24,27,33.740215636612,3.374021563661
24,28,134.288300844242,13.428830084424
24,29,653.071881296135,65.307188129614
24,30,507.424514530270,50.742451453027
24,31,412.682192171586,41.268219217159
24,32,170.150064425247,17.015006442525
24,33,490.658454096364,49.065845409636
24,34,1097.306378195356,109.730637819536
24,35,668.488389206749,66.848838920675
24,36,771.177731937797,77.117773193780
24,37,945.448796207994,94.544879620799
24,38,382.917553643298,38.291755364330
24,39,738.755769717711,73.875576971771
24,40,1119.827930978893,111.982793097889
24,41,202.339350266738,20.233935026674
24,42,1234.879387421005,123.487938742100
24,43,643.631583492767,64.363158349277
24,44,198.578511605534,19.857851160553
24,45,363.587476288704,36.358747628870
24,46,1143.794188523045,114.379418852304
24,47,2897.054697126879,289.705469712688
24,48,202.082461371595,20.208246137159
24,49,413.446510453290,41.344651045329
24,50,491.660394606081,49.166039460608
24,51,1969.715239291009,196.971523929101
24,52,453.289313722577,45.328931372258
24,53,940.755258928919,94.075525892892
24,54,404.203603714755,40.420360371476
24,55,1176.566346409384,117.656634640938
24,56,163.466893125813,16.346689312581
24,57,1852.571024177241,185.257102417724
24,58,1386.783548975288,138.678354897529
24,59,125.924205110509,12.592420511051
24,60,183.384271644138,18.338427164414
24,61,877.942306952010,87.794230695201
24,62,1033.340157480273,103.334015748027
24,63,143.163516896938,14.316351689694
24,64,521.643610151184,52.164361015118
24,65,124.055338398322,12.405533839832
24,66,35.836296147436,3.583629614744
24,67,28.393014229233,2.839301422923
24,68,44.827924208075,4.482792420807
24,69,46.645634597177,4.664563459718
24,70,257.272825934235,25.727282593423
24,71,290.145598637840,29.014559863784
24,72,101.298599402154,10.129859940215
24,73,328.964241984352,32.896424198435
24,74,93.552587208381,9.355258720838
24,75,194.150721459375,19.415072145937
24,76,86.429087673445,8.642908767345
24,77,356.427879434883,35.642787943488
24,78,86.264915000226,8.626491500023
24,79,157.246712386827,15.724671238683
24,80,41.724957338117,4.172495733812
24,81,227.747950374751,22.774795037475
24,82,99.026239959835,9.902623995983
24,83,260.416245423312,26.041624542331
24,84,379.870688945843,37.987068894584
24,85,245.266961018568,24.526696101857
24,86,240.182480179530,24.018248017953
24,87,54.946763024139,5.494676302414
24,88,15.450169214117,1.545016921412
24,89,83.342508543350,8.334250854335
24,90,166.910754512377,16.691075451238
24,91,55.873777606106,5.587377760611
24,92,28.357507459530,2.835750745953
24,93,110.560108439994,11.056010843999
24,94,40.867627559891,4.086762755989
24,95,62.800107532152,6.280010753215
24,96,162.474401403044,16.247440140304
24,97,50.554848740922,5.055484874092
24,98,260.640801750622,26.064080175062
24,99,836.249386907138,83.624938690714
24,100,195.973156241949,19.597315624195
24,101,305.633932092990,30.563393209299
24,102,89.977550084267,8.997755008427
24,103,94.326797188923,9.432679718892
24,104,199.267830140843,19.926783014084
24,105,133.582889843662,13.358288984366
24,106,158.092895549200,15.809289554920
24,107,30.017836491030,3.001783649103
24,108,820.548012833777,82.054801283378
24,109,429.694733071264,42.969473307126
24,110,251.461748142631,25.146174814263
24,111,159.241144619312,15.924114461931
24,112,29.439615021008,2.943961502101
24,113,625.783046404140,62.578304640414
24,114,69.220705900540,6.922070590054
24,115,30.184445179634,3.018444517963
24,116,42.610485839890,4.261048583989
24,117,257.288106394377,25.728810639438
24,118,93.442597422814,9.344259742281
24,119,94.136197439708,9.413619743971
24,120,38.598073226197,3.859807322620
24,121,89.824671664197,8.982467166420
24,122,74.383729781083,7.438372978108
24,123,60.498515905211,6.049851590521
24,124,117.571403629922,11.757140362992
24,125,25.039949779748,2.503994977975
24,126,417.151099304697,41.715109930470
24,127,328.712668031862,32.871266803186
24,128,496.652454497783,49.665245449778
24,129,58.784373079297,5.878437307930
24,130,74.363946383411,7.436394638341
24,131,190.569557387474,19.056955738747
24,132,102.298546808374,10.229854680837
24,133,306.184988300536,30.618498830054
24,134,697.583714053340,69.758371405334
24,135,148.044848816596,14.804484881660
24,136,170.244478476078,17.024447847608
24,137,2026.054886384834,202.605488638483
24,138,43.781692509541,4.378169250954
24,139,46.449793723951,4.644979372395
24,140,53.714360695272,5.371436069527
24,141,55.832955893745,5.583295589374
24,142,75.865122409758,7.586512240976
24,143,109.078715811320,10.907871581132
24,144,50.177266356247,5.017726635625
24,145,155.865639300826,15.586563930083
24,146,45.587075184420,4.558707518442
24,147,61.795583369753,6.179558336975
24,148,334.568406105525,33.456840610552
24,149,1323.587552033741,132.358755203374
24,150,736.044779868794,73.604477986879
24,151,622.073880796556,62.207388079656
24,152,278.795021860741,27.879502186074
24,153,218.466288845999,21.846628884600
24,154,149.533032760890,14.953303276089
24,155,419.010074318045,41.901007431805
24,156,451.410407674259,45.141040767426
24,157,212.508311944816,21.250831194482
24,158,555.950605367368,55.595060536737
24,159,386.668426787021,38.666842678702
24,160,1103.540732114764,110.354073211476
24,161,181.966879783308,18.196687978331
24,162,65.659325226313,6.565932522631
24,163,69.060667071610,6.906066707161
24,164,58.079109716014,5.807910971601
24,165,1693.477369216691,169.347736921669
24,166,543.946955011148,54.394695501115
24,167,2260.166447131701,226.016644713170
24,168,143.933666851838,14.393366685184
24,169,40.562977999470,4.056297799947
24,170,178.241474073157,17.824147407316
24,171,49.896386400491,4.989638640049
24,172,526.226567095504,52.622656709550
24,173,54.606163782128,5.460616378213
24,174,395.969945532090,39.596994553209
24,175,179.532488408560,17.953248840856
24,176,520.246887511800,52.024688751180
24,177,665.189360007626,66.518936000763
24,178,751.901763652211,75.190176365221
24,179,401.331024845301,40.133102484530
24,180,375.363174659812,37.536317465981
24,181,340.290901519491,34.029090151949
24,182,614.338350850804,61.433835085080
24,183,277.908681353840,27.790868135384
24,184,549.096839172339,54.909683917234
24,185,313.800415305945,31.380041530594
24,186,469.903086285597,46.990308628560
24,187,64.944022526899,6.494402252690
24,188,59.313431329730,5.931343132973
24,189,108.270844527275,10.827084452728
24,190,194.279239725595,19.427923972560
24,191,270.395862269193,27.039586226919
24,192,135.064430109633,13.506443010963
24,193,38.525804769775,3.852580476978
