hour,generator_id,status
1,1,0
1,2,0
1,3,0
1,4,0
1,5,0
1,6,0
1,7,0
1,8,0
1,9,1
1,10,0
1,11,0
1,12,0
1,13,0
1,14,0
1,15,1
1,16,0
1,17,1
1,18,0
1,19,0
1,20,0
1,21,0
1,22,0
1,23,0
1,24,0
1,25,0
1,26,0
1,27,0
1,28,0
1,29,0
1,30,0
1,31,0
1,32,0
1,33,0
1,34,0
1,35,0
1,36,0
1,37,0
1,38,0
1,39,0
1,40,0
1,41,0
1,42,0
1,43,0
1,44,0
1,45,0
1,46,0
1,47,0
1,48,0
1,49,0
1,50,0
1,51,0
1,52,1
1,53,1
1,54,1
1,55,1
1,56,1
1,57,1
1,58,0
1,59,0
1,60,0
1,61,0
1,62,0
1,63,0
1,64,0
1,65,1
1,66,0
1,67,0
1,68,0
1,69,0
1,70,0
1,71,0
1,72,0
1,73,0
1,74,0
1,75,1
1,76,1
1,77,1
1,78,1
1,79,1
1,80,1
1,81,1
1,82,1
1,83,1
1,84,1
1,85,0
1,86,0
1,87,0
1,88,1
1,89,1
1,90,1
1,91,1
1,92,1
1,93,1
1,94,1
1,95,1
1,96,1
1,97,1
1,98,0
1,99,0
1,100,0
1,101,1
1,102,1
1,103,1
1,104,1
1,105,1
1,106,0
1,107,1
1,108,1
1,109,1
1,110,1
1,111,1
1,112,1
1,113,1
1,114,1
1,115,1
1,116,0
1,117,0
1,118,0
1,119,0
1,120,0
1,121,0
1,122,1
1,123,1
1,124,1
1,125,1
1,126,1
1,127,1
1,128,1
1,129,1
1,130,1
1,131,0
1,132,1
1,133,1
1,134,1
1,135,1
1,136,1
1,137,1
1,138,0
1,139,0
1,140,0
1,141,0
1,142,0
1,143,1
1,144,1
1,145,0
1,146,0
1,147,1
1,148,1
1,149,1
1,150,1
1,151,1
1,152,0
1,153,0
1,154,0
1,155,0
1,156,0
1,157,0
1,158,1
1,159,1
1,160,1
1,161,1
1,162,1
1,163,1
1,164,1
1,165,0
1,166,0
1,167,0
1,168,0
1,169,0
1,170,1
1,171,1
1,172,1
1,173,1
1,174,1
1,175,1
1,176,1
1,177,1
1,178,1
1,179,1
1,180,1
1,181,1
1,182,1
1,183,1
2,1,0
2,2,0
2,3,0
2,4,0
2,5,0
2,6,0
2,7,0
2,8,0
2,9,1
2,10,0
2,11,0
2,12,0
2,13,0
2,14,0
2,15,1
2,16,0
2,17,1
2,18,0
2,19,0
2,20,0
2,21,0
2,22,0
2,23,0
2,24,0
2,25,0
2,26,0
2,27,0
2,28,0
2,29,0
2,30,0
2,31,0
2,32,0
2,33,0
2,34,0
2,35,0
2,36,0
2,37,0
2,38,0
2,39,0
2,40,0
2,41,0
2,42,0
2,43,0
2,44,0
2,45,0
2,46,0
2,47,0
2,48,0
2,49,0
2,50,0
2,51,0
2,52,1
2,53,1
2,54,1
2,55,1
2,56,1
2,57,1
2,58,0
2,59,0
2,60,0
2,61,0
2,62,0
2,63,0
2,64,0
2,65,1
2,66,0
2,67,0
2,68,0
2,69,0
2,70,0
2,71,0
2,72,0
2,73,0
2,74,0
2,75,1
2,76,1
2,77,1
2,78,1
2,79,1
2,80,1
2,81,1
2,82,1
2,83,1
2,84,1
2,85,0
2,86,0
2,87,0
2,88,1
2,89,1
2,90,1
2,91,1
2,92,1
2,93,1
2,94,1
2,95,1
2,96,1
2,97,1
2,98,0
2,99,0
2,100,0
2,101,1
2,102,1
2,103,1
2,104,1
2,105,1
2,106,0
2,107,1
2,108,1
2,109,1
2,110,1
2,111,1
2,112,1
2,113,1
2,114,1
2,115,1
2,116,0
2,117,0
2,118,0
2,119,0
2,120,0
2,121,0
2,122,1
2,123,1
2,124,1
2,125,1
2,126,1
2,127,1
2,128,0
2,129,1
2,130,0
2,131,0
2,132,1
2,133,1
2,134,1
2,135,1
2,136,1
2,137,1
2,138,0
2,139,0
2,140,0
2,141,0
2,142,0
2,143,1
2,144,1
2,145,0
2,146,0
2,147,1
2,148,1
2,149,1
2,150,1
2,151,1
2,152,0
2,153,0
2,154,0
2,155,0
2,156,0
2,157,0
2,158,1
2,159,1
2,160,1
2,161,1
2,162,1
2,163,1
2,164,1
2,165,0
2,166,0
2,167,0
2,168,0
2,169,0
2,170,1
2,171,1
2,172,1
2,173,1
2,174,0
2,175,0
2,176,0
2,177,1
2,178,0
2,179,0
2,180,1
2,181,1
2,182,1
2,183,0
3,1,0
3,2,0
3,3,0
3,4,0
3,5,0
3,6,0
3,7,0
3,8,0
3,9,1
3,10,0
3,11,0
3,12,0
3,13,0
3,14,0
3,15,1
3,16,0
3,17,1
3,18,0
3,19,0
3,20,0
3,21,0
3,22,0
3,23,0
3,24,0
3,25,0
3,26,0
3,27,0
3,28,0
3,29,0
3,30,0
3,31,0
3,32,0
3,33,0
3,34,0
3,35,0
3,36,0
3,37,0
3,38,0
3,39,0
3,40,0
3,41,0
3,42,0
3,43,0
3,44,0
3,45,0
3,46,0
3,47,0
3,48,0
3,49,0
3,50,0
3,51,0
3,52,1
3,53,1
3,54,1
3,55,1
3,56,1
3,57,1
3,58,0
3,59,0
3,60,0
3,61,0
3,62,0
3,63,0
3,64,0
3,65,1
3,66,0
3,67,0
3,68,0
3,69,0
3,70,0
3,71,0
3,72,0
3,73,0
3,74,0
3,75,1
3,76,1
3,77,1
3,78,1
3,79,1
3,80,1
3,81,1
3,82,1
3,83,1
3,84,1
3,85,0
3,86,0
3,87,0
3,88,1
3,89,1
3,90,1
3,91,1
3,92,1
3,93,1
3,94,1
3,95,1
3,96,1
3,97,1
3,98,0
3,99,0
3,100,0
3,101,1
3,102,1
3,103,1
3,104,1
3,105,1
3,106,0
3,107,1
3,108,1
3,109,1
3,110,1
3,111,1
3,112,1
3,113,1
3,114,1
3,115,1
3,116,0
3,117,0
3,118,0
3,119,0
3,120,0
3,121,0
3,122,1
3,123,1
3,124,1
3,125,1
3,126,1
3,127,1
3,128,0
3,129,1
3,130,0
3,131,0
3,132,1
3,133,1
3,134,1
3,135,1
3,136,1
3,137,1
3,138,0
3,139,0
3,140,0
3,141,0
3,142,0
3,143,1
3,144,1
3,145,0
3,146,0
3,147,1
3,148,1
3,149,1
3,150,1
3,151,1
3,152,0
3,153,0
3,154,0
3,155,0
3,156,0
3,157,0
3,158,1
3,159,1
3,160,1
3,161,1
3,162,1
3,163,1
3,164,1
3,165,0
3,166,0
3,167,0
3,168,0
3,169,0
3,170,1
3,171,1
3,172,1
3,173,1
3,174,0
3,175,0
3,176,0
3,177,1
3,178,0
3,179,0
3,180,1
3,181,1
3,182,1
3,183,0
4,1,0
4,2,0
4,3,0
4,4,0
4,5,0
4,6,0
4,7,0
4,8,0
4,9,1
4,10,0
4,11,0
4,12,0
4,13,0
4,14,0
4,15,1
4,16,0
4,17,1
4,18,0
4,19,0
4,20,0
4,21,0
4,22,0
4,23,0
4,24,0
4,25,0
4,26,0
4,27,0
4,28,0
4,29,0
4,30,0
4,31,0
4,32,0
4,33,0
4,34,0
4,35,0
4,36,0
4,37,0
4,38,0
4,39,0
4,40,0
4,41,0
4,42,0
4,43,0
4,44,0
4,45,0
4,46,0
4,47,0
4,48,0
4,49,0
4,50,0
4,51,1
4,52,1
4,53,1
4,54,1
4,55,1
4,56,1
4,57,1
4,58,0
4,59,0
4,60,0
4,61,0
4,62,0
4,63,0
4,64,0
4,65,1
4,66,0
4,67,0
4,68,0
4,69,0
4,70,0
4,71,0
4,72,0
4,73,0
4,74,0
4,75,1
4,76,1
4,77,1
4,78,1
4,79,1
4,80,1
4,81,1
4,82,1
4,83,1
4,84,1
4,85,0
4,86,0
4,87,0
4,88,1
4,89,1
4,90,1
4,91,1
4,92,1
4,93,1
4,94,1
4,95,1
4,96,1
4,97,1
4,98,0
4,99,0
4,100,0
4,101,1
4,102,1
4,103,1
4,104,1
4,105,1
4,106,0
4,107,1
4,108,1
4,109,1
4,110,1
4,111,1
4,112,1
4,113,1
4,114,1
4,115,1
4,116,0
4,117,0
4,118,0
4,119,0
4,120,0
4,121,0
4,122,1
4,123,1
4,124,1
4,125,1
4,126,1
4,127,1
4,128,0
4,129,1
4,130,0
4,131,0
4,132,1
4,133,1
4,134,1
4,135,1
4,136,1
4,137,1
4,138,0
4,139,0
4,140,0
4,141,0
4,142,0
4,143,1
4,144,1
4,145,0
4,146,0
4,147,1
4,148,1
4,149,1
4,150,1
4,151,1
4,152,0
4,153,0
4,154,0
4,155,0
4,156,0
4,157,0
4,158,1
4,159,1
4,160,1
4,161,1
4,162,1
4,163,1
4,164,1
4,165,0
4,166,0
4,167,0
4,168,0
4,169,0
4,170,1
4,171,1
4,172,1
4,173,1
4,174,0
4,175,0
4,176,0
4,177,1
4,178,0
4,179,0
4,180,1
4,181,1
4,182,1
4,183,0
5,1,0
5,2,0
5,3,0
5,4,0
5,5,0
5,6,0
5,7,0
5,8,0
5,9,1
5,10,0
5,11,0
5,12,0
5,13,0
5,14,0
5,15,1
5,16,0
5,17,1
5,18,0
5,19,0
5,20,0
5,21,0
5,22,0
5,23,0
5,24,0
5,25,0
5,26,0
5,27,0
5,28,0
5,29,0
5,30,0
5,31,0
5,32,0
5,33,0
5,34,0
5,35,0
5,36,0
5,37,0
5,38,0
5,39,0
5,40,0
5,41,0
5,42,0
5,43,0
5,44,0
5,45,0
5,46,0
5,47,0
5,48,0
5,49,0
5,50,0
5,51,1
5,52,1
5,53,1
5,54,1
5,55,1
5,56,1
5,57,1
5,58,0
5,59,0
5,60,0
5,61,0
5,62,0
5,63,0
5,64,0
5,65,1
5,66,0
5,67,0
5,68,0
5,69,0
5,70,0
5,71,0
5,72,0
5,73,0
5,74,0
5,75,1
5,76,1
5,77,1
5,78,1
5,79,1
5,80,1
5,81,1
5,82,1
5,83,1
5,84,1
5,85,0
5,86,0
5,87,0
5,88,1
5,89,1
5,90,1
5,91,1
5,92,1
5,93,1
5,94,1
5,95,1
5,96,1
5,97,1
5,98,0
5,99,0
5,100,0
5,101,1
5,102,1
5,103,1
5,104,1
5,105,1
5,106,0
5,107,1
5,108,1
5,109,1
5,110,1
5,111,1
5,112,1
5,113,1
5,114,1
5,115,1
5,116,0
5,117,0
5,118,0
5,119,0
5,120,0
5,121,0
5,122,1
5,123,1
5,124,1
5,125,1
5,126,1
5,127,1
5,128,0
5,129,1
5,130,0
5,131,0
5,132,1
5,133,1
5,134,1
5,135,1
5,136,1
5,137,1
5,138,0
5,139,0
5,140,0
5,141,0
5,142,0
5,143,1
5,144,1
5,145,0
5,146,0
5,147,1
5,148,1
5,149,1
5,150,1
5,151,1
5,152,0
5,153,0
5,154,0
5,155,0
5,156,0
5,157,0
5,158,1
5,159,1
5,160,1
5,161,1
5,162,1
5,163,1
5,164,1
5,165,0
5,166,0
5,167,0
5,168,0
5,169,0
5,170,1
5,171,1
5,172,1
5,173,1
5,174,0
5,175,0
5,176,0
5,177,1
5,178,0
5,179,0
5,180,1
5,181,1
5,182,1
5,183,0
6,1,0
6,2,0
6,3,0
6,4,0
6,5,0
6,6,0
6,7,0
6,8,0
6,9,1
6,10,0
6,11,0
6,12,0
6,13,0
6,14,0
6,15,1
6,16,0
6,17,1
6,18,0
6,19,0
6,20,0
6,21,0
6,22,0
6,23,0
6,24,0
6,25,0
6,26,0
6,27,0
6,28,0
6,29,0
6,30,0
6,31,0
6,32,0
6,33,0
6,34,0
6,35,0
6,36,0
6,37,0
6,38,0
6,39,0
6,40,0
6,41,0
6,42,0
6,43,0
6,44,0
6,45,0
6,46,0
6,47,0
6,48,0
6,49,0
6,50,0
6,51,1
6,52,1
6,53,1
6,54,1
6,55,1
6,56,1
6,57,1
6,58,0
6,59,0
6,60,0
6,61,0
6,62,0
6,63,0
6,64,0
6,65,1
6,66,0
6,67,0
6,68,0
6,69,0
6,70,0
6,71,0
6,72,0
6,73,0
6,74,0
6,75,1
6,76,1
6,77,1
6,78,1
6,79,1
6,80,1
6,81,1
6,82,1
6,83,1
6,84,1
6,85,0
6,86,0
6,87,0
6,88,1
6,89,1
6,90,1
6,91,1
6,92,1
6,93,1
6,94,1
6,95,1
6,96,1
6,97,1
6,98,0
6,99,0
6,100,0
6,101,1
6,102,1
6,103,1
6,104,1
6,105,1
6,106,0
6,107,1
6,108,1
6,109,1
6,110,1
6,111,1
6,112,1
6,113,1
6,114,1
6,115,1
6,116,0
6,117,0
6,118,0
6,119,0
6,120,0
6,121,0
6,122,1
6,123,1
6,124,1
6,125,1
6,126,1
6,127,1
6,128,0
6,129,1
6,130,0
6,131,0
6,132,1
6,133,1
6,134,1
6,135,1
6,136,1
6,137,1
6,138,0
6,139,0
6,140,0
6,141,0
6,142,0
6,143,1
6,144,1
6,145,0
6,146,0
6,147,1
6,148,1
6,149,1
6,150,1
6,151,1
6,152,0
6,153,0
6,154,0
6,155,0
6,156,0
6,157,0
6,158,1
6,159,1
6,160,1
6,161,1
6,162,1
6,163,1
6,164,1
6,165,0
6,166,0
6,167,0
6,168,0
6,169,0
6,170,1
6,171,1
6,172,1
6,173,1
6,174,0
6,175,0
6,176,0
6,177,1
6,178,0
6,179,0
6,180,1
6,181,1
6,182,1
6,183,0
7,1,0
7,2,0
7,3,0
7,4,0
7,5,0
7,6,0
7,7,0
7,8,0
7,9,1
7,10,0
7,11,0
7,12,0
7,13,0
7,14,0
7,15,1
7,16,0
7,17,1
7,18,0
7,19,0
7,20,0
7,21,0
7,22,0
7,23,0
7,24,0
7,25,0
7,26,0
7,27,0
7,28,0
7,29,0
7,30,0
7,31,0
7,32,0
7,33,0
7,34,0
7,35,0
7,36,0
7,37,0
7,38,0
7,39,0
7,40,0
7,41,0
7,42,0
7,43,0
7,44,0
7,45,0
7,46,0
7,47,0
7,48,0
7,49,0
7,50,0
7,51,1
7,52,1
7,53,1
7,54,1
7,55,1
7,56,1
7,57,1
7,58,0
7,59,0
7,60,0
7,61,0
7,62,0
7,63,0
7,64,0
7,65,1
7,66,0
7,67,0
7,68,0
7,69,0
7,70,0
7,71,0
7,72,0
7,73,0
7,74,0
7,75,1
7,76,1
7,77,1
7,78,1
7,79,1
7,80,1
7,81,1
7,82,1
7,83,1
7,84,1
7,85,0
7,86,0
7,87,0
7,88,1
7,89,1
7,90,1
7,91,1
7,92,1
7,93,1
7,94,1
7,95,1
7,96,1
7,97,1
7,98,0
7,99,0
7,100,0
7,101,1
7,102,1
7,103,1
7,104,1
7,105,1
7,106,0
7,107,1
7,108,1
7,109,1
7,110,1
7,111,1
7,112,1
7,113,1
7,114,1
7,115,1
7,116,0
7,117,0
7,118,0
7,119,0
7,120,0
7,121,0
7,122,1
7,123,1
7,124,1
7,125,1
7,126,1
7,127,1
7,128,0
7,129,1
7,130,0
7,131,0
7,132,1
7,133,1
7,134,1
7,135,1
7,136,1
7,137,1
7,138,0
7,139,0
7,140,0
7,141,0
7,142,0
7,143,1
7,144,1
7,145,0
7,146,0
7,147,1
7,148,1
7,149,1
7,150,1
7,151,1
7,152,0
7,153,0
7,154,0
7,155,0
7,156,0
7,157,0
7,158,1
7,159,1
7,160,1
7,161,1
7,162,1
7,163,1
7,164,1
7,165,0
7,166,0
7,167,0
7,168,0
7,169,0
7,170,1
7,171,1
7,172,1
7,173,1
7,174,0
7,175,0
7,176,0
7,177,1
7,178,0
7,179,0
7,180,1
7,181,1
7,182,1
7,183,0
8,1,0
8,2,0
8,3,0
8,4,0
8,5,0
8,6,0
8,7,0
8,8,0
8,9,1
8,10,0
8,11,0
8,12,0
8,13,0
8,14,0
8,15,1
8,16,0
8,17,1
8,18,0
8,19,0
8,20,0
8,21,0
8,22,0
8,23,0
8,24,0
8,25,0
8,26,0
8,27,0
8,28,0
8,29,0
8,30,0
8,31,0
8,32,0
8,33,0
8,34,0
8,35,0
8,36,0
8,37,0
8,38,0
8,39,0
8,40,0
8,41,0
8,42,0
8,43,0
8,44,0
8,45,0
8,46,0
8,47,0
8,48,0
8,49,0
8,50,0
8,51,1
8,52,1
8,53,1
8,54,1
8,55,1
8,56,1
8,57,1
8,58,0
8,59,0
8,60,0
8,61,0
8,62,0
8,63,0
8,64,0
8,65,1
8,66,0
8,67,0
8,68,0
8,69,0
8,70,0
8,71,0
8,72,0
8,73,0
8,74,0
8,75,1
8,76,1
8,77,1
8,78,1
8,79,1
8,80,1
8,81,1
8,82,1
8,83,1
8,84,1
8,85,0
8,86,0
8,87,0
8,88,1
8,89,1
8,90,1
8,91,1
8,92,1
8,93,1
8,94,1
8,95,1
8,96,1
8,97,1
8,98,0
8,99,0
8,100,0
8,101,1
8,102,1
8,103,1
8,104,1
8,105,1
8,106,0
8,107,1
8,108,1
8,109,1
8,110,1
8,111,1
8,112,1
8,113,1
8,114,1
8,115,1
8,116,0
8,117,0
8,118,0
8,119,0
8,120,0
8,121,0
8,122,1
8,123,1
8,124,1
8,125,1
8,126,1
8,127,1
8,128,0
8,129,1
8,130,0
8,131,0
8,132,1
8,133,1
8,134,1
8,135,1
8,136,1
8,137,1
8,138,0
8,139,0
8,140,0
8,141,0
8,142,0
8,143,1
8,144,1
8,145,0
8,146,0
8,147,1
8,148,1
8,149,1
8,150,1
8,151,1
8,152,0
8,153,0
8,154,0
8,155,0
8,156,0
8,157,0
8,158,1
8,159,1
8,160,1
8,161,1
8,162,1
8,163,1
8,164,1
8,165,0
8,166,0
8,167,0
8,168,0
8,169,0
8,170,1
8,171,1
8,172,1
8,173,1
8,174,0
8,175,0
8,176,0
8,177,1
8,178,0
8,179,0
8,180,1
8,181,1
8,182,1
8,183,0
9,1,0
9,2,0
9,3,0
9,4,0
9,5,0
9,6,0
9,7,0
9,8,0
9,9,1
9,10,0
9,11,0
9,12,0
9,13,0
9,14,0
9,15,1
9,16,0
9,17,1
9,18,0
9,19,0
9,20,0
9,21,0
9,22,0
9,23,0
9,24,0
9,25,0
9,26,0
9,27,0
9,28,0
9,29,0
9,30,0
9,31,0
9,32,0
9,33,0
9,34,0
9,35,0
9,36,0
9,37,0
9,38,0
9,39,0
9,40,0
9,41,0
9,42,0
9,43,0
9,44,0
9,45,0
9,46,0
9,47,0
9,48,0
9,49,0
9,50,0
9,51,1
9,52,1
9,53,1
9,54,1
9,55,1
9,56,1
9,57,1
9,58,0
9,59,0
9,60,0
9,61,0
9,62,0
9,63,0
9,64,0
9,65,1
9,66,0
9,67,0
9,68,0
9,69,0
9,70,0
9,71,0
9,72,0
9,73,0
9,74,0
9,75,1
9,76,1
9,77,1
9,78,1
9,79,1
9,80,1
9,81,1
9,82,1
9,83,1
9,84,1
9,85,0
9,86,0
9,87,0
9,88,1
9,89,1
9,90,1
9,91,1
9,92,1
9,93,1
9,94,1
9,95,1
9,96,1
9,97,1
9,98,0
9,99,0
9,100,0
9,101,1
9,102,1
9,103,1
9,104,1
9,105,1
9,106,0
9,107,1
9,108,1
9,109,1
9,110,1
9,111,1
9,112,1
9,113,1
9,114,1
9,115,1
9,116,0
9,117,0
9,118,0
9,119,0
9,120,0
9,121,0
9,122,1
9,123,1
9,124,1
9,125,1
9,126,1
9,127,1
9,128,0
9,129,1
9,130,0
9,131,0
9,132,1
9,133,1
9,134,1
9,135,1
9,136,1
9,137,1
9,138,0
9,139,0
9,140,0
9,141,0
9,142,0
9,143,1
9,144,1
9,145,0
9,146,0
9,147,1
9,148,1
9,149,1
9,150,1
9,151,1
9,152,0
9,153,0
9,154,0
9,155,0
9,156,0
9,157,0
9,158,1
9,159,1
9,160,1
9,161,1
9,162,1
9,163,1
9,164,1
9,165,0
9,166,0
9,167,0
9,168,0
9,169,0
9,170,1
9,171,1
9,172,1
9,173,1
9,174,0
9,175,0
9,176,0
9,177,1
9,178,0
9,179,0
9,180,1
9,181,1
9,182,1
9,183,0
10,1,0
10,2,0
10,3,0
10,4,0
10,5,0
10,6,0
10,7,0
10,8,0
10,9,1
10,10,0
10,11,0
10,12,0
10,13,0
10,14,0
10,15,1
10,16,0
10,17,1
10,18,0
10,19,0
10,20,0
10,21,0
10,22,0
10,23,0
10,24,0
10,25,0
10,26,0
10,27,0
10,28,0
10,29,0
10,30,0
10,31,0
10,32,0
10,33,0
10,34,0
10,35,0
10,36,0
10,37,0
10,38,0
10,39,0
10,40,0
10,41,0
10,42,0
10,43,0
10,44,0
10,45,0
10,46,0
10,47,0
10,48,0
10,49,0
10,50,0
10,51,1
10,52,1
10,53,1
10,54,1
10,55,1
10,56,1
10,57,1
10,58,0
10,59,0
10,60,0
10,61,0
10,62,0
10,63,0
10,64,0
10,65,1
10,66,0
10,67,0
10,68,0
10,69,0
10,70,0
10,71,0
10,72,0
10,73,0
10,74,0
10,75,1
10,76,1
10,77,1
10,78,1
10,79,1
10,80,1
10,81,1
10,82,1
10,83,1
10,84,1
10,85,0
10,86,0
10,87,0
10,88,1
10,89,1
10,90,1
10,91,1
10,92,1
10,93,1
10,94,1
10,95,1
10,96,1
10,97,1
10,98,0
10,99,0
10,100,0
10,101,1
10,102,1
10,103,1
10,104,1
10,105,1
10,106,0
10,107,1
10,108,1
10,109,1
10,110,1
10,111,1
10,112,1
10,113,1
10,114,1
10,115,1
10,116,0
10,117,0
10,118,0
10,119,0
10,120,0
10,121,0
10,122,1
10,123,1
10,124,1
10,125,1
10,126,1
10,127,1
10,128,0
10,129,1
10,130,0
10,131,0
10,132,1
10,133,1
10,134,1
10,135,1
10,136,1
10,137,1
10,138,0
10,139,0
10,140,0
10,141,0
10,142,0
10,143,1
10,144,1
10,145,0
10,146,0
10,147,1
10,148,1
10,149,1
10,150,1
10,151,1
10,152,0
10,153,0
10,154,0
10,155,0
10,156,0
10,157,0
10,158,1
10,159,1
10,160,1
10,161,1
10,162,1
10,163,1
10,164,1
10,165,0
10,166,0
10,167,0
10,168,0
10,169,0
10,170,1
10,171,1
10,172,1
10,173,1
10,174,0
10,175,0
10,176,0
10,177,1
10,178,0
10,179,0
10,180,1
10,181,1
10,182,1
10,183,0
11,1,0
11,2,0
11,3,0
11,4,0
11,5,0
11,6,0
11,7,0
11,8,0
11,9,1
11,10,0
11,11,0
11,12,0
11,13,0
11,14,0
11,15,1
11,16,0
11,17,1
11,18,0
11,19,0
11,20,0
11,21,0
11,22,0
11,23,0
11,24,0
11,25,0
11,26,0
11,27,0
11,28,0
11,29,0
11,30,0
11,31,0
11,32,0
11,33,0
11,34,0
11,35,0
11,36,0
11,37,0
11,38,0
11,39,0
11,40,0
11,41,0
11,42,0
11,43,0
11,44,0
11,45,0
11,46,0
11,47,0
11,48,0
11,49,0
11,50,0
11,51,1
11,52,1
11,53,1
11,54,1
11,55,1
11,56,1
11,57,1
11,58,0
11,59,0
11,60,0
11,61,0
11,62,0
11,63,0
11,64,0
11,65,1
11,66,0
11,67,0
11,68,0
11,69,0
11,70,0
11,71,0
11,72,0
11,73,0
11,74,0
11,75,1
11,76,1
11,77,1
11,78,1
11,79,1
11,80,1
11,81,1
11,82,1
11,83,1
11,84,1
11,85,0
11,86,0
11,87,0
11,88,1
11,89,1
11,90,1
11,91,1
11,92,1
11,93,1
11,94,1
11,95,1
11,96,1
11,97,1
11,98,0
11,99,0
11,100,0
11,101,1
11,102,1
11,103,1
11,104,1
11,105,1
11,106,0
11,107,1
11,108,1
11,109,1
11,110,1
11,111,1
11,112,1
11,113,1
11,114,1
11,115,1
11,116,0
11,117,0
11,118,0
11,119,0
11,120,0
11,121,0
11,122,1
11,123,1
11,124,1
11,125,1
11,126,1
11,127,1
11,128,0
11,129,1
11,130,0
11,131,0
11,132,1
11,133,1
11,134,1
11,135,1
11,136,1
11,137,1
11,138,0
11,139,0
11,140,0
11,141,0
11,142,0
11,143,1
11,144,1
11,145,0
11,146,0
11,147,1
11,148,1
11,149,1
11,150,1
11,151,1
11,152,0
11,153,0
11,154,0
11,155,0
11,156,0
11,157,0
11,158,1
11,159,1
11,160,1
11,161,1
11,162,1
11,163,1
11,164,1
11,165,0
11,166,0
11,167,0
11,168,0
11,169,0
11,170,1
11,171,1
11,172,1
11,173,1
11,174,0
11,175,0
11,176,0
11,177,1
11,178,0
11,179,0
11,180,1
11,181,1
11,182,1
11,183,0
12,1,0
12,2,0
12,3,0
12,4,0
12,5,0
12,6,0
12,7,0
12,8,0
12,9,1
12,10,0
12,11,0
12,12,0
12,13,0
12,14,0
12,15,1
12,16,0
12,17,1
12,18,0
12,19,0
12,20,0
12,21,0
12,22,0
12,23,0
12,24,0
12,25,0
12,26,0
12,27,0
12,28,0
12,29,0
12,30,0
12,31,0
12,32,0
12,33,0
12,34,0
12,35,0
12,36,0
12,37,0
12,38,0
12,39,0
12,40,0
12,41,0
12,42,0
12,43,0
12,44,0
12,45,0
12,46,0
12,47,0
12,48,0
12,49,0
12,50,0
12,51,1
12,52,1
12,53,1
12,54,1
12,55,1
12,56,1
12,57,1
12,58,0
12,59,0
12,60,0
12,61,0
12,62,0
12,63,0
12,64,0
12,65,1
12,66,0
12,67,0
12,68,0
12,69,0
12,70,0
12,71,0
12,72,0
12,73,0
12,74,0
12,75,1
12,76,1
12,77,1
12,78,1
12,79,1
12,80,1
12,81,1
12,82,1
12,83,1
12,84,1
12,85,0
12,86,0
12,87,0
12,88,1
12,89,1
12,90,1
12,91,1
12,92,1
12,93,1
12,94,1
12,95,1
12,96,1
12,97,1
12,98,0
12,99,0
12,100,0
12,101,1
12,102,1
12,103,1
12,104,1
12,105,1
12,106,0
12,107,1
12,108,1
12,109,1
12,110,1
12,111,1
12,112,1
12,113,1
12,114,1
12,115,1
12,116,0
12,117,0
12,118,0
12,119,0
12,120,0
12,121,0
12,122,1
12,123,1
12,124,1
12,125,1
12,126,1
12,127,1
12,128,0
12,129,1
12,130,0
12,131,0
12,132,1
12,133,1
12,134,1
12,135,1
12,136,1
12,137,1
12,138,0
12,139,0
12,140,0
12,141,0
12,142,0
12,143,1
12,144,1
12,145,0
12,146,0
12,147,1
12,148,1
12,149,1
12,150,1
12,151,1
12,152,0
12,153,0
12,154,0
12,155,0
12,156,0
12,157,0
12,158,1
12,159,1
12,160,1
12,161,1
12,162,1
12,163,1
12,164,1
12,165,0
12,166,0
12,167,0
12,168,0
12,169,0
12,170,1
12,171,1
12,172,1
12,173,1
12,174,0
12,175,0
12,176,0
12,177,1
12,178,0
12,179,0
12,180,1
12,181,1
12,182,1
12,183,0
13,1,0
13,2,0
13,3,0
13,4,0
13,5,0
13,6,0
13,7,0
13,8,0
13,9,1
13,10,0
13,11,0
13,12,0
13,13,0
13,14,0
13,15,1
13,16,0
13,17,1
13,18,0
13,19,0
13,20,0
13,21,0
13,22,0
13,23,0
13,24,0
13,25,0
13,26,0
13,27,0
13,28,0
13,29,0
13,30,0
13,31,0
13,32,0
13,33,0
13,34,0
13,35,0
13,36,0
13,37,0
13,38,0
13,39,0
13,40,0
13,41,0
13,42,0
13,43,0
13,44,0
13,45,0
13,46,0
13,47,0
13,48,0
13,49,0
13,50,0
13,51,1
13,52,1
13,53,1
13,54,1
13,55,1
13,56,1
13,57,1
13,58,0
13,59,0
13,60,0
13,61,0
13,62,0
13,63,0
13,64,0
13,65,1
13,66,0
13,67,0
13,68,0
13,69,0
13,70,0
13,71,0
13,72,0
13,73,0
13,74,0
13,75,1
13,76,1
13,77,1
13,78,1
13,79,1
13,80,1
13,81,1
13,82,1
13,83,1
13,84,1
13,85,0
13,86,0
13,87,0
13,88,1
13,89,1
13,90,1
13,91,1
13,92,1
13,93,1
13,94,1
13,95,1
13,96,1
13,97,1
13,98,0
13,99,0
13,100,0
13,101,1
13,102,1
13,103,1
13,104,1
13,105,1
13,106,0
13,107,1
13,108,1
13,109,1
13,110,1
13,111,1
13,112,1
13,113,1
13,114,1
13,115,1
13,116,0
13,117,0
13,118,0
13,119,0
13,120,0
13,121,0
13,122,1
13,123,1
13,124,1
13,125,1
13,126,1
13,127,1
13,128,0
13,129,1
13,130,0
13,131,0
13,132,1
13,133,1
13,134,1
13,135,1
13,136,1
13,137,1
13,138,0
13,139,0
13,140,0
13,141,0
13,142,0
13,143,1
13,144,1
13,145,0
13,146,0
13,147,1
13,148,1
13,149,1
13,150,1
13,151,1
13,152,0
13,153,0
13,154,0
13,155,0
13,156,0
13,157,0
13,158,1
13,159,1
13,160,1
13,161,1
13,162,1
13,163,1
13,164,1
13,165,0
13,166,0
13,167,0
13,168,0
13,169,0
13,170,1
13,171,1
13,172,1
13,173,1
13,174,0
13,175,0
13,176,0
13,177,1
13,178,0
13,179,0
13,180,1
13,181,1
13,182,1
13,183,0
14,1,0
14,2,0
14,3,0
14,4,0
14,5,0
14,6,0
14,7,1
14,8,0
14,9,0
14,10,0
14,11,0
14,12,0
14,13,0
14,14,0
14,15,1
14,16,0
14,17,1
14,18,0
14,19,0
14,20,0
14,21,0
14,22,0
14,23,0
14,24,0
14,25,0
14,26,0
14,27,0
14,28,0
14,29,0
14,30,0
14,31,0
14,32,0
14,33,0
14,34,0
14,35,0
14,36,0
14,37,0
14,38,0
14,39,0
14,40,0
14,41,0
14,42,0
14,43,0
14,44,0
14,45,0
14,46,0
14,47,0
14,48,0
14,49,0
14,50,0
14,51,1
14,52,1
14,53,1
14,54,1
14,55,1
14,56,1
14,57,1
14,58,0
14,59,0
14,60,0
14,61,0
14,62,0
14,63,0
14,64,0
14,65,1
14,66,0
14,67,0
14,68,0
14,69,0
14,70,0
14,71,0
14,72,0
14,73,0
14,74,0
14,75,1
14,76,1
14,77,1
14,78,1
14,79,1
14,80,1
14,81,1
14,82,1
14,83,1
14,84,1
14,85,0
14,86,0
14,87,0
14,88,1
14,89,1
14,90,1
14,91,1
14,92,1
14,93,1
14,94,1
14,95,1
14,96,1
14,97,1
14,98,0
14,99,0
14,100,0
14,101,1
14,102,1
14,103,1
14,104,1
14,105,1
14,106,0
14,107,1
14,108,1
14,109,1
14,110,1
14,111,1
14,112,1
14,113,1
14,114,1
14,115,1
14,116,0
14,117,0
14,118,0
14,119,0
14,120,0
14,121,0
14,122,1
14,123,1
14,124,1
14,125,1
14,126,1
14,127,1
14,128,1
14,129,1
14,130,1
14,131,0
14,132,1
14,133,1
14,134,1
14,135,1
14,136,1
14,137,1
14,138,0
14,139,0
14,140,0
14,141,0
14,142,0
14,143,1
14,144,1
14,145,0
14,146,0
14,147,1
14,148,1
14,149,1
14,150,1
14,151,1
14,152,0
14,153,0
14,154,0
14,155,0
14,156,0
14,157,0
14,158,1
14,159,1
14,160,1
14,161,1
14,162,1
14,163,1
14,164,1
14,165,0
14,166,0
14,167,0
14,168,0
14,169,0
14,170,1
14,171,1
14,172,1
14,173,1
14,174,1
14,175,1
14,176,0
14,177,1
14,178,0
14,179,0
14,180,1
14,181,1
14,182,1
14,183,0
15,1,0
15,2,0
15,3,0
15,4,0
15,5,0
15,6,0
15,7,1
15,8,1
15,9,0
15,10,0
15,11,0
15,12,0
15,13,0
15,14,0
15,15,1
15,16,0
15,17,1
15,18,0
15,19,0
15,20,0
15,21,0
15,22,0
15,23,0
15,24,0
15,25,0
15,26,0
15,27,0
15,28,0
15,29,0
15,30,0
15,31,0
15,32,0
15,33,0
15,34,0
15,35,0
15,36,0
15,37,0
15,38,0
15,39,0
15,40,0
15,41,0
15,42,0
15,43,0
15,44,0
15,45,0
15,46,0
15,47,0
15,48,0
15,49,0
15,50,0
15,51,1
15,52,1
15,53,1
15,54,1
15,55,1
15,56,1
15,57,1
15,58,0
15,59,0
15,60,0
15,61,0
15,62,0
15,63,0
15,64,0
15,65,1
15,66,0
15,67,0
15,68,0
15,69,0
15,70,0
15,71,0
15,72,0
15,73,0
15,74,0
15,75,1
15,76,1
15,77,1
15,78,1
15,79,1
15,80,1
15,81,1
15,82,1
15,83,1
15,84,1
15,85,0
15,86,0
15,87,0
15,88,1
15,89,1
15,90,1
15,91,1
15,92,1
15,93,1
15,94,1
15,95,1
15,96,1
15,97,1
15,98,0
15,99,0
15,100,0
15,101,1
15,102,1
15,103,1
15,104,1
15,105,1
15,106,0
15,107,1
15,108,1
15,109,1
15,110,1
15,111,1
15,112,1
15,113,1
15,114,1
15,115,1
15,116,0
15,117,0
15,118,0
15,119,0
15,120,0
15,121,0
15,122,1
15,123,1
15,124,1
15,125,1
15,126,1
15,127,1
15,128,1
15,129,1
15,130,1
15,131,0
15,132,1
15,133,1
15,134,1
15,135,1
15,136,1
15,137,1
15,138,0
15,139,0
15,140,0
15,141,0
15,142,0
15,143,1
15,144,1
15,145,0
15,146,0
15,147,1
15,148,1
15,149,1
15,150,1
15,151,1
15,152,0
15,153,0
15,154,0
15,155,0
15,156,0
15,157,0
15,158,1
15,159,1
15,160,1
15,161,1
15,162,1
15,163,1
15,164,1
15,165,0
15,166,0
15,167,0
15,168,0
15,169,0
15,170,1
15,171,1
15,172,1
15,173,1
15,174,1
15,175,1
15,176,1
15,177,1
15,178,1
15,179,1
15,180,1
15,181,1
15,182,1
15,183,1
16,1,0
16,2,0
16,3,1
16,4,0
16,5,0
16,6,1
16,7,1
16,8,1
16,9,0
16,10,0
16,11,0
16,12,0
16,13,0
16,14,0
16,15,1
16,16,0
16,17,1
16,18,0
16,19,0
16,20,0
16,21,0
16,22,0
16,23,0
16,24,0
16,25,0
16,26,0
16,27,0
16,28,0
16,29,0
16,30,0
16,31,0
16,32,0
16,33,0
16,34,0
16,35,0
16,36,0
16,37,0
16,38,0
16,39,0
16,40,0
16,41,0
16,42,0
16,43,0
16,44,0
16,45,0
16,46,0
16,47,0
16,48,0
16,49,0
16,50,0
16,51,1
16,52,1
16,53,1
16,54,1
16,55,1
16,56,1
16,57,1
16,58,0
16,59,0
16,60,0
16,61,0
16,62,0
16,63,0
16,64,0
16,65,1
16,66,0
16,67,0
16,68,0
16,69,0
16,70,0
16,71,0
16,72,0
16,73,0
16,74,0
16,75,1
16,76,1
16,77,1
16,78,1
16,79,1
16,80,1
16,81,1
16,82,1
16,83,1
16,84,1
16,85,0
16,86,0
16,87,0
16,88,1
16,89,1
16,90,1
16,91,1
16,92,1
16,93,1
16,94,1
16,95,1
16,96,1
16,97,1
16,98,0
16,99,0
16,100,0
16,101,1
16,102,1
16,103,1
16,104,1
16,105,1
16,106,0
16,107,1
16,108,1
16,109,1
16,110,1
16,111,1
16,112,1
16,113,1
16,114,1
16,115,1
16,116,0
16,117,0
16,118,0
16,119,0
16,120,0
16,121,0
16,122,1
16,123,1
16,124,1
16,125,1
16,126,1
16,127,1
16,128,1
16,129,1
16,130,1
16,131,0
16,132,1
16,133,1
16,134,1
16,135,1
16,136,1
16,137,1
16,138,0
16,139,0
16,140,0
16,141,0
16,142,0
16,143,1
16,144,1
16,145,0
16,146,0
16,147,1
16,148,1
16,149,1
16,150,1
16,151,1
16,152,0
16,153,0
16,154,0
16,155,0
16,156,0
16,157,0
16,158,1
16,159,1
16,160,1
16,161,1
16,162,1
16,163,1
16,164,1
16,165,0
16,166,0
16,167,0
16,168,0
16,169,0
16,170,1
16,171,1
16,172,1
16,173,1
16,174,1
16,175,1
16,176,1
16,177,1
16,178,1
16,179,1
16,180,1
16,181,1
16,182,1
16,183,1
17,1,0
17,2,0
17,3,1
17,4,0
17,5,1
17,6,1
17,7,1
17,8,1
17,9,0
17,10,0
17,11,0
17,12,0
17,13,0
17,14,0
17,15,1
17,16,0
17,17,1
17,18,0
17,19,1
17,20,0
17,21,0
17,22,0
17,23,0
17,24,0
17,25,0
17,26,0
17,27,0
17,28,0
17,29,0
17,30,0
17,31,0
17,32,0
17,33,0
17,34,0
17,35,0
17,36,0
17,37,0
17,38,0
17,39,0
17,40,0
17,41,0
17,42,0
17,43,0
17,44,0
17,45,0
17,46,0
17,47,0
17,48,0
17,49,0
17,50,0
17,51,1
17,52,1
17,53,1
17,54,1
17,55,1
17,56,1
17,57,1
17,58,0
17,59,0
17,60,0
17,61,0
17,62,0
17,63,0
17,64,0
17,65,1
17,66,1
17,67,0
17,68,0
17,69,0
17,70,0
17,71,0
17,72,0
17,73,0
17,74,1
17,75,1
17,76,1
17,77,1
17,78,1
17,79,1
17,80,1
17,81,1
17,82,1
17,83,1
17,84,1
17,85,0
17,86,0
17,87,0
17,88,1
17,89,1
17,90,1
17,91,1
17,92,1
17,93,1
17,94,1
17,95,1
17,96,1
17,97,1
17,98,0
17,99,0
17,100,0
17,101,1
17,102,1
17,103,1
17,104,1
17,105,1
17,106,0
17,107,1
17,108,1
17,109,1
17,110,1
17,111,1
17,112,1
17,113,1
17,114,1
17,115,1
17,116,0
17,117,0
17,118,0
17,119,0
17,120,0
17,121,0
17,122,1
17,123,1
17,124,1
17,125,1
17,126,1
17,127,1
17,128,1
17,129,1
17,130,1
17,131,0
17,132,1
17,133,1
17,134,1
17,135,1
17,136,1
17,137,1
17,138,0
17,139,0
17,140,0
17,141,0
17,142,0
17,143,1
17,144,1
17,145,0
17,146,0
17,147,1
17,148,1
17,149,1
17,150,1
17,151,1
17,152,0
17,153,0
17,154,0
17,155,0
17,156,0
17,157,0
17,158,1
17,159,1
17,160,1
17,161,1
17,162,1
17,163,1
17,164,1
17,165,0
17,166,0
17,167,0
17,168,0
17,169,0
17,170,1
17,171,1
17,172,1
17,173,1
17,174,1
17,175,1
17,176,1
17,177,1
17,178,1
17,179,1
17,180,1
17,181,1
17,182,1
17,183,1
18,1,0
18,2,0
18,3,1
18,4,0
18,5,1
18,6,1
18,7,1
18,8,1
18,9,0
18,10,0
18,11,0
18,12,0
18,13,0
18,14,0
18,15,1
18,16,0
18,17,0
18,18,0
18,19,1
18,20,0
18,21,0
18,22,0
18,23,0
18,24,0
18,25,0
18,26,0
18,27,0
18,28,0
18,29,0
18,30,0
18,31,0
18,32,0
18,33,0
18,34,0
18,35,0
18,36,0
18,37,0
18,38,0
18,39,0
18,40,0
18,41,0
18,42,0
18,43,0
18,44,0
18,45,0
18,46,0
18,47,0
18,48,0
18,49,0
18,50,0
18,51,1
18,52,1
18,53,1
18,54,1
18,55,1
18,56,1
18,57,1
18,58,0
18,59,0
18,60,0
18,61,0
18,62,0
18,63,0
18,64,0
18,65,1
18,66,1
18,67,0
18,68,0
18,69,0
18,70,0
18,71,0
18,72,0
18,73,0
18,74,1
18,75,1
18,76,1
18,77,1
18,78,1
18,79,1
18,80,1
18,81,1
18,82,1
18,83,1
18,84,1
18,85,0
18,86,0
18,87,0
18,88,1
18,89,1
18,90,1
18,91,1
18,92,1
18,93,1
18,94,1
18,95,1
18,96,1
18,97,1
18,98,0
18,99,0
18,100,0
18,101,1
18,102,1
18,103,1
18,104,1
18,105,1
18,106,1
18,107,1
18,108,1
18,109,1
18,110,1
18,111,1
18,112,1
18,113,1
18,114,1
18,115,1
18,116,0
18,117,0
18,118,0
18,119,0
18,120,0
18,121,0
18,122,1
18,123,1
18,124,1
18,125,1
18,126,1
18,127,1
18,128,1
18,129,1
18,130,1
18,131,0
18,132,1
18,133,1
18,134,1
18,135,1
18,136,1
18,137,1
18,138,0
18,139,0
18,140,1
18,141,0
18,142,0
18,143,1
18,144,1
18,145,0
18,146,0
18,147,1
18,148,1
18,149,1
18,150,1
18,151,1
18,152,0
18,153,0
18,154,0
18,155,0
18,156,0
18,157,0
18,158,1
18,159,1
18,160,1
18,161,1
18,162,1
18,163,1
18,164,1
18,165,0
18,166,0
18,167,0
18,168,0
18,169,0
18,170,1
18,171,1
18,172,1
18,173,1
18,174,1
18,175,1
18,176,1
18,177,1
18,178,1
18,179,1
18,180,1
18,181,1
18,182,1
18,183,1
19,1,0
19,2,0
19,3,1
19,4,0
19,5,1
19,6,1
19,7,1
19,8,1
19,9,0
19,10,0
19,11,0
19,12,0
19,13,0
19,14,0
19,15,1
19,16,0
19,17,0
19,18,0
19,19,1
19,20,0
19,21,0
19,22,0
19,23,0
19,24,0
19,25,0
19,26,0
19,27,0
19,28,0
19,29,0
19,30,0
19,31,0
19,32,0
19,33,0
19,34,0
19,35,0
19,36,0
19,37,0
19,38,0
19,39,0
19,40,0
19,41,0
19,42,0
19,43,0
19,44,0
19,45,0
19,46,0
19,47,0
19,48,0
19,49,0
19,50,0
19,51,1
19,52,1
19,53,1
19,54,1
19,55,1
19,56,1
19,57,1
19,58,0
19,59,0
19,60,0
19,61,0
19,62,0
19,63,0
19,64,0
19,65,1
19,66,1
19,67,0
19,68,0
19,69,0
19,70,1
19,71,0
19,72,0
19,73,0
19,74,1
19,75,1
19,76,1
19,77,1
19,78,1
19,79,1
19,80,1
19,81,1
19,82,1
19,83,1
19,84,1
19,85,0
19,86,0
19,87,0
19,88,1
19,89,1
19,90,1
19,91,1
19,92,1
19,93,1
19,94,1
19,95,1
19,96,1
19,97,1
19,98,0
19,99,0
19,100,0
19,101,1
19,102,1
19,103,1
19,104,1
19,105,1
19,106,1
19,107,1
19,108,1
19,109,1
19,110,1
19,111,1
19,112,1
19,113,1
19,114,1
19,115,1
19,116,0
19,117,0
19,118,0
19,119,0
19,120,0
19,121,0
19,122,1
19,123,1
19,124,1
19,125,1
19,126,1
19,127,1
19,128,1
19,129,1
19,130,1
19,131,0
19,132,1
19,133,1
19,134,1
19,135,1
19,136,1
19,137,1
19,138,0
19,139,0
19,140,1
19,141,0
19,142,0
19,143,1
19,144,1
19,145,0
19,146,0
19,147,1
19,148,1
19,149,1
19,150,1
19,151,1
19,152,0
19,153,0
19,154,0
19,155,0
19,156,0
19,157,0
19,158,1
19,159,1
19,160,1
19,161,1
19,162,1
19,163,1
19,164,1
19,165,0
19,166,0
19,167,0
19,168,0
19,169,0
19,170,1
19,171,1
19,172,1
19,173,1
19,174,1
19,175,1
19,176,1
19,177,1
19,178,1
19,179,1
19,180,1
19,181,1
19,182,1
19,183,1
20,1,0
20,2,0
20,3,1
20,4,0
20,5,1
20,6,1
20,7,1
20,8,1
20,9,0
20,10,0
20,11,0
20,12,0
20,13,0
20,14,0
20,15,1
20,16,0
20,17,0
20,18,0
20,19,1
20,20,0
20,21,0
20,22,0
20,23,0
20,24,0
20,25,0
20,26,0
20,27,0
20,28,0
20,29,0
20,30,0
20,31,0
20,32,0
20,33,0
20,34,0
20,35,0
20,36,0
20,37,0
20,38,0
20,39,0
20,40,0
20,41,0
20,42,0
20,43,0
20,44,0
20,45,0
20,46,0
20,47,0
20,48,0
20,49,0
20,50,0
20,51,1
20,52,1
20,53,1
20,54,1
20,55,1
20,56,1
20,57,1
20,58,0
20,59,0
20,60,0
20,61,0
20,62,0
20,63,0
20,64,0
20,65,1
20,66,1
20,67,0
20,68,0
20,69,0
20,70,1
20,71,0
20,72,0
20,73,0
20,74,1
20,75,1
20,76,1
20,77,1
20,78,1
20,79,1
20,80,1
20,81,1
20,82,1
20,83,1
20,84,1
20,85,0
20,86,0
20,87,0
20,88,1
20,89,1
20,90,1
20,91,1
20,92,1
20,93,1
20,94,1
20,95,1
20,96,1
20,97,1
20,98,0
20,99,0
20,100,0
20,101,1
20,102,1
20,103,1
20,104,1
20,105,1
20,106,1
20,107,1
20,108,1
20,109,1
20,110,1
20,111,1
20,112,1
20,113,1
20,114,1
20,115,1
20,116,0
20,117,0
20,118,0
20,119,0
20,120,0
20,121,0
20,122,1
20,123,1
20,124,1
20,125,1
20,126,1
20,127,1
20,128,1
20,129,1
20,130,1
20,131,0
20,132,1
20,133,1
20,134,1
20,135,1
20,136,1
20,137,1
20,138,0
20,139,0
20,140,1
20,141,0
20,142,0
20,143,1
20,144,1
20,145,0
20,146,0
20,147,1
20,148,1
20,149,1
20,150,1
20,151,1
20,152,0
20,153,0
20,154,0
20,155,0
20,156,0
20,157,0
20,158,1
20,159,1
20,160,1
20,161,1
20,162,1
20,163,1
20,164,1
20,165,0
20,166,0
20,167,0
20,168,0
20,169,0
20,170,1
20,171,1
20,172,1
20,173,1
20,174,1
20,175,1
20,176,1
20,177,1
20,178,1
20,179,1
20,180,1
20,181,1
20,182,1
20,183,1
21,1,0
21,2,0
21,3,1
21,4,0
21,5,1
21,6,1
21,7,1
21,8,1
21,9,0
21,10,0
21,11,0
21,12,0
21,13,0
21,14,0
21,15,1
21,16,0
21,17,0
21,18,0
21,19,1
21,20,0
21,21,0
21,22,0
21,23,0
21,24,0
21,25,0
21,26,0
21,27,0
21,28,0
21,29,0
21,30,0
21,31,0
21,32,0
21,33,0
21,34,0
21,35,0
21,36,0
21,37,0
21,38,0
21,39,0
21,40,0
21,41,0
21,42,0
21,43,0
21,44,0
21,45,0
21,46,0
21,47,0
21,48,0
21,49,0
21,50,0
21,51,1
21,52,1
21,53,1
21,54,1
21,55,1
21,56,1
21,57,1
21,58,0
21,59,0
21,60,0
21,61,0
21,62,0
21,63,0
21,64,0
21,65,1
21,66,1
21,67,0
21,68,0
21,69,0
21,70,1
21,71,0
21,72,0
21,73,0
21,74,0
21,75,1
21,76,1
21,77,1
21,78,1
21,79,1
21,80,1
21,81,1
21,82,1
21,83,1
21,84,1
21,85,0
21,86,0
21,87,0
21,88,1
21,89,1
21,90,1
21,91,1
21,92,1
21,93,1
21,94,1
21,95,1
21,96,1
21,97,1
21,98,0
21,99,0
21,100,0
21,101,1
21,102,1
21,103,1
21,104,1
21,105,1
21,106,1
21,107,1
21,108,1
21,109,1
21,110,1
21,111,1
21,112,1
21,113,1
21,114,1
21,115,1
21,116,0
21,117,0
21,118,0
21,119,0
21,120,0
21,121,0
21,122,1
21,123,1
21,124,1
21,125,1
21,126,1
21,127,1
21,128,1
21,129,1
21,130,1
21,131,0
21,132,1
21,133,1
21,134,1
21,135,1
21,136,1
21,137,1
21,138,0
21,139,0
21,140,1
21,141,0
21,142,0
21,143,1
21,144,1
21,145,0
21,146,0
21,147,1
21,148,1
21,149,1
21,150,1
21,151,1
21,152,0
21,153,0
21,154,0
21,155,0
21,156,0
21,157,0
21,158,1
21,159,1
21,160,1
21,161,1
21,162,1
21,163,1
21,164,1
21,165,0
21,166,0
21,167,0
21,168,0
21,169,0
21,170,1
21,171,1
21,172,1
21,173,1
21,174,1
21,175,1
21,176,1
21,177,1
21,178,1
21,179,1
21,180,1
21,181,1
21,182,1
21,183,1
22,1,0
22,2,0
22,3,1
22,4,0
22,5,1
22,6,0
22,7,0
22,8,1
22,9,0
22,10,0
22,11,0
22,12,0
22,13,0
22,14,0
22,15,1
22,16,0
22,17,0
22,18,0
22,19,1
22,20,0
22,21,0
22,22,0
22,23,0
22,24,0
22,25,0
22,26,0
22,27,0
22,28,0
22,29,0
22,30,0
22,31,0
22,32,0
22,33,0
22,34,0
22,35,0
22,36,0
22,37,0
22,38,0
22,39,0
22,40,0
22,41,0
22,42,0
22,43,0
22,44,0
22,45,0
22,46,0
22,47,0
22,48,0
22,49,0
22,50,0
22,51,1
22,52,1
22,53,1
22,54,1
22,55,1
22,56,1
22,57,1
22,58,0
22,59,0
22,60,0
22,61,0
22,62,0
22,63,0
22,64,0
22,65,1
22,66,1
22,67,0
22,68,0
22,69,0
22,70,1
22,71,0
22,72,0
22,73,0
22,74,0
22,75,1
22,76,1
22,77,1
22,78,1
22,79,1
22,80,1
22,81,1
22,82,1
22,83,1
22,84,1
22,85,0
22,86,0
22,87,0
22,88,1
22,89,1
22,90,1
22,91,1
22,92,1
22,93,1
22,94,1
22,95,1
22,96,1
22,97,1
22,98,0
22,99,0
22,100,0
22,101,1
22,102,1
22,103,1
22,104,1
22,105,1
22,106,0
22,107,1
22,108,1
22,109,1
22,110,1
22,111,1
22,112,1
22,113,1
22,114,1
22,115,1
22,116,0
22,117,0
22,118,0
22,119,0
22,120,0
22,121,0
22,122,1
22,123,1
22,124,1
22,125,1
22,126,1
22,127,1
22,128,1
22,129,1
22,130,1
22,131,0
22,132,1
22,133,1
22,134,1
22,135,1
22,136,1
22,137,1
22,138,0
22,139,0
22,140,1
22,141,0
22,142,0
22,143,1
22,144,1
22,145,0
22,146,0
22,147,1
22,148,1
22,149,1
22,150,1
22,151,1
22,152,0
22,153,0
22,154,0
22,155,0
22,156,0
22,157,0
22,158,1
22,159,1
22,160,1
22,161,1
22,162,1
22,163,1
22,164,1
22,165,0
22,166,0
22,167,0
22,168,0
22,169,0
22,170,1
22,171,1
22,172,1
22,173,1
22,174,1
22,175,1
22,176,1
22,177,1
22,178,1
22,179,1
22,180,1
22,181,1
22,182,1
22,183,1
23,1,0
23,2,0
23,3,1
23,4,0
23,5,0
23,6,0
23,7,0
23,8,1
23,9,0
23,10,0
23,11,0
23,12,0
23,13,0
23,14,0
23,15,1
23,16,0
23,17,0
23,18,0
23,19,1
23,20,0
23,21,0
23,22,0
23,23,0
23,24,0
23,25,0
23,26,0
23,27,0
23,28,0
23,29,0
23,30,0
23,31,0
23,32,0
23,33,0
23,34,0
23,35,0
23,36,0
23,37,0
23,38,0
23,39,0
23,40,0
23,41,0
23,42,0
23,43,0
23,44,0
23,45,0
23,46,0
23,47,0
23,48,0
23,49,0
23,50,0
23,51,1
23,52,1
23,53,1
23,54,1
23,55,1
23,56,1
23,57,1
23,58,0
23,59,0
23,60,0
23,61,0
23,62,0
23,63,0
23,64,0
23,65,1
23,66,0
23,67,0
23,68,0
23,69,0
23,70,0
23,71,0
23,72,0
23,73,0
23,74,0
23,75,1
23,76,1
23,77,1
23,78,1
23,79,1
23,80,1
23,81,1
23,82,1
23,83,1
23,84,1
23,85,0
23,86,0
23,87,0
23,88,1
23,89,1
23,90,1
23,91,1
23,92,1
23,93,1
23,94,1
23,95,1
23,96,1
23,97,1
23,98,0
23,99,0
23,100,0
23,101,1
23,102,1
23,103,1
23,104,1
23,105,1
23,106,0
23,107,1
23,108,1
23,109,1
23,110,1
23,111,1
23,112,1
23,113,1
23,114,1
23,115,1
23,116,0
23,117,0
23,118,0
23,119,0
23,120,0
23,121,0
23,122,1
23,123,1
23,124,1
23,125,1
23,126,1
23,127,1
23,128,1
23,129,1
23,130,1
23,131,0
23,132,1
23,133,1
23,134,1
23,135,1
23,136,1
23,137,1
23,138,0
23,139,0
23,140,1
23,141,0
23,142,0
23,143,1
23,144,1
23,145,0
23,146,0
23,147,1
23,148,1
23,149,1
23,150,1
23,151,1
23,152,0
23,153,0
23,154,0
23,155,0
23,156,0
23,157,0
23,158,1
23,159,1
23,160,1
23,161,1
23,162,1
23,163,1
23,164,1
23,165,0
23,166,0
23,167,0
23,168,0
23,169,0
23,170,1
23,171,1
23,172,1
23,173,1
23,174,1
23,175,1
23,176,1
23,177,1
23,178,1
23,179,1
23,180,1
23,181,1
23,182,1
23,183,1
24,1,0
24,2,0
24,3,1
24,4,0
24,5,0
24,6,0
24,7,0
24,8,1
24,9,0
24,10,0
24,11,0
24,12,0
24,13,0
24,14,0
24,15,1
24,16,0
24,17,0
24,18,0
24,19,1
24,20,0
24,21,0
24,22,0
24,23,0
24,24,0
24,25,0
24,26,0
24,27,0
24,28,0
24,29,0
24,30,0
24,31,0
24,32,0
24,33,0
24,34,0
24,35,0
24,36,0
24,37,0
24,38,0
24,39,0
24,40,0
24,41,0
24,42,0
24,43,0
24,44,0
24,45,0
24,46,0
24,47,0
24,48,0
24,49,0
24,50,0
24,51,1
24,52,1
24,53,1
24,54,1
24,55,1
24,56,1
24,57,1
24,58,0
24,59,0
24,60,0
24,61,0
24,62,0
24,63,0
24,64,0
24,65,1
24,66,0
24,67,0
24,68,0
24,69,0
24,70,0
24,71,0
24,72,0
24,73,0
24,74,0
24,75,1
24,76,1
24,77,1
24,78,1
24,79,1
24,80,1
24,81,1
24,82,1
24,83,1
24,84,1
24,85,0
24,86,0
24,87,0
24,88,1
24,89,1
24,90,1
24,91,1
24,92,1
24,93,1
24,94,1
24,95,1
24,96,1
24,97,1
24,98,0
24,99,0
24,100,0
24,101,1
24,102,1
24,103,1
24,104,1
24,105,1
24,106,0
24,107,1
24,108,1
24,109,1
24,110,1
24,111,1
24,112,1
24,113,1
24,114,1
24,115,1
24,116,0
24,117,0
24,118,0
24,119,0
24,120,0
24,121,0
24,122,1
24,123,1
24,124,1
24,125,1
24,126,1
24,127,1
24,128,1
24,129,1
24,130,1
24,131,0
24,132,1
24,133,1
24,134,1
24,135,1
24,136,1
24,137,1
24,138,0
24,139,0
24,140,0
24,141,0
24,142,0
24,143,1
24,144,1
24,145,0
24,146,0
24,147,1
24,148,1
24,149,1
24,150,1
24,151,1
24,152,0
24,153,0
24,154,0
24,155,0
24,156,0
24,157,0
24,158,1
24,159,1
24,160,1
24,161,1
24,162,1
24,163,1
24,164,1
24,165,0
24,166,0
24,167,0
24,168,0
24,169,0
24,170,1
24,171,1
24,172,1
24,173,1
24,174,1
24,175,1
24,176,1
24,177,1
24,178,1
24,179,1
24,180,1
24,181,1
24,182,1
24,183,1
