hour,bus_id,demandP,demandQ
1,1,61.400099767360,6.140009976736
1,2,74.209931495472,7.420993149547
1,3,340.355588678631,34.035558867863
1,4,78.940936645747,7.894093664575
1,5,89.141495281201,8.914149528120
1,6,75.845246036764,7.584524603676
1,7,511.766279589554,51.176627958955
1,8,1168.191938925649,116.819193892565
1,9,295.750309359735,29.575030935973
1,10,649.751759872660,64.975175987266
1,11,538.177296760518,53.817729676052
1,12,295.304338517321,29.530433851732
1,13,318.286310466212,31.828631046621
1,14,341.338535379758,34.133853537976
1,15,100.974592705817,10.097459270582
1,16,435.002523954710,43.500252395471
1,17,469.066752376729,46.906675237673
1,18,489.725155434467,48.972515543447
1,19,461.043837377533,46.104383737753
1,20,238.091791286551,23.809179128655
1,21,718.666481552522,71.866648155252
1,22,580.340310739986,58.034031073999
1,23,339.610167052734,33.961016705273
1,24,555.609086233750,55.560908623375
1,25,449.305974686751,44.930597468675
1,26,530.310418684695,53.031041868469
1,27,30.207386925061,3.020738692506
1,28,120.227407755785,12.022740775579
1,29,584.690839580275,58.469083958027
1,30,454.293736909162,45.429373690916
1,31,369.471576301445,36.947157630145
1,32,152.334202210620,15.233420221062
1,33,439.283196366368,43.928319636637
1,34,982.410980963529,98.241098096353
1,35,598.493134873963,59.849313487396
1,36,690.430209087294,69.043020908729
1,37,846.453914594965,84.645391459497
1,38,342.823496680610,34.282349668061
1,39,661.403045532680,66.140304553268
1,40,1002.574374891198,100.257437489120
1,41,181.153052176719,18.115305217672
1,42,1105.579165923640,110.557916592364
1,43,576.239004787474,57.623900478747
1,44,177.785998752245,17.778599875225
1,45,325.517409125320,32.551740912532
1,46,1024.031203222677,102.403120322268
1,47,2593.713481908440,259.371348190844
1,48,180.923061285850,18.092306128585
1,49,370.155865291119,37.015586529112
1,50,440.180226930098,44.018022693010
1,51,1763.472735511784,176.347273551178
1,52,405.826857661080,40.582685766108
1,53,842.251822404353,84.225182240435
1,54,361.880753384002,36.188075338400
1,55,1053.371894589441,105.337189458944
1,56,146.350804134486,14.635080413449
1,57,1658.594311790792,165.859431179079
1,58,1241.577934663519,124.157793466352
1,59,112.739089399189,11.273908939919
1,60,164.182698450629,16.418269845063
1,61,786.015811209069,78.601581120907
1,62,925.142456064782,92.514245606478
1,63,128.173328678010,12.817332867801
1,64,467.023997076180,46.702399707618
1,65,111.065905668107,11.106590566811
1,66,32.083993633758,3.208399363376
1,67,25.420073660126,2.542007366013
1,68,40.134137439574,4.013413743957
1,69,41.761521260491,4.176152126049
1,70,230.334621509247,23.033462150925
1,71,259.765392641603,25.976539264160
1,72,90.691951114482,9.069195111448
1,73,294.519461557559,29.451946155756
1,74,83.756998772041,8.375699877204
1,75,173.821828172882,17.382182817288
1,76,77.379377803941,7.737937780394
1,77,319.107470471692,31.910747047169
1,78,77.232395119661,7.723239511966
1,79,140.781918376610,14.078191837661
1,80,37.356072181604,3.735607218160
1,81,203.901200053226,20.390120005323
1,82,88.657523070326,8.865752307033
1,83,233.148903723595,23.314890372359
1,84,340.095659318348,34.009565931835
1,85,219.585851827882,21.958585182788
1,86,215.033750511398,21.503375051140
1,87,49.193465413089,4.919346541309
1,88,13.832432031112,1.383243203111
1,89,74.615984378664,7.461598437866
1,90,149.434069948215,14.943406994821
1,91,50.023415300316,5.002341530032
1,92,25.388284689290,2.538828468929
1,93,98.983717534386,9.898371753439
1,94,36.588510627993,3.658851062799
1,95,56.224511650739,5.622451165074
1,96,145.462233005822,14.546223300582
1,97,45.261414251244,4.526141425124
1,98,233.349947485098,23.334994748510
1,99,748.688421799486,74.868842179949
1,100,175.453441711332,17.545344171133
1,101,273.631992859664,27.363199285966
1,102,80.556292207429,8.055629220743
1,103,84.450143732802,8.445014373280
1,104,178.403140976082,17.840314097608
1,105,119.595858056602,11.959585805660
1,106,141.539500440418,14.153950044042
1,107,26.874766044881,2.687476604488
1,108,734.631087756414,73.463108775641
1,109,384.702789138667,38.470278913867
1,110,225.132002854016,22.513200285402
1,111,142.567520069005,14.256752006901
1,112,26.357088272413,2.635708827241
1,113,560.259330214872,56.025933021487
1,114,61.972829957096,6.197282995710
1,115,27.023929677264,2.702392967726
1,116,38.148879861743,3.814887986174
1,117,230.348302001894,23.034830200189
1,118,83.658525660719,8.365852566072
1,119,84.279501066069,8.427950106607
1,120,34.556593978623,3.455659397862
1,121,80.419421191626,8.041942119163
1,122,66.595250327571,6.659525032757
1,123,54.163912229347,5.416391222935
1,124,105.260882711070,10.526088271107
1,125,22.418097730240,2.241809773024
1,126,373.472558641212,37.347255864121
1,127,294.294229098912,29.429422909891
1,128,444.649584397337,44.464958439734
1,129,52.629251747479,5.262925174748
1,130,66.577538385401,6.657753838540
1,131,170.615636193344,17.061563619334
1,132,91.587197266128,9.158719726613
1,133,274.125349756313,27.412534975631
1,134,624.541982481138,62.454198248114
1,135,132.543552140564,13.254355214056
1,136,152.418730471949,15.241873047195
1,137,1813.913240614480,181.391324061448
1,138,39.197453273970,3.919745327397
1,139,41.586186250871,4.158618625087
1,140,48.090103940940,4.809010394094
1,141,49.986867897256,4.998686789726
1,142,67.921531131590,6.792153113159
1,143,97.657436730367,9.765743673037
1,144,44.923367295267,4.492336729527
1,145,139.545452980836,13.954545298084
1,146,40.813800175699,4.081380017570
1,147,55.325167960233,5.532516796023
1,148,299.536831802701,29.953683180270
1,149,1184.998985901354,118.499898590135
1,150,658.975914651297,65.897591465130
1,151,556.938539325917,55.693853932592
1,152,249.603297999967,24.960329799997
1,153,195.591391244469,19.559139124447
1,154,133.875913163537,13.387591316354
1,155,375.136886401209,37.513688640121
1,156,404.144685780240,40.414468578024
1,157,190.257254809689,19.025725480969
1,158,497.738817926554,49.773881792655
1,159,346.181628044664,34.618162804466
1,160,987.992555874004,98.799255587400
1,161,162.913717101319,16.291371710132
1,162,58.784349919728,5.878434991973
1,163,61.829548275657,6.182954827566
1,164,51.997834226969,5.199783422697
1,165,1516.158838216027,151.615883821603
1,166,486.992030925285,48.699203092529
1,167,2023.511738006324,202.351173800632
1,168,128.862838725265,12.886283872526
1,169,36.315759936436,3.631575993644
1,170,159.578386558344,15.957838655834
1,171,44.671897370048,4.467189737005
1,172,471.127087440777,47.112708744078
1,173,48.888529214677,4.888852921468
1,174,354.509214884925,35.450921488492
1,175,160.734222963641,16.073422296364
1,176,465.773520741076,46.577352074108
1,177,595.539536338365,59.553953633837
1,178,673.172565015628,67.317256501563
1,179,359.308952945116,35.930895294512
1,180,336.060112255612,33.606011225561
1,181,304.660143254183,30.466014325418
1,182,550.012971669255,55.001297166925
1,183,248.809763337126,24.880976333713
1,184,491.602687393870,49.160268739387
1,185,280.943390062563,28.094339006256
1,186,420.701055902763,42.070105590276
1,187,58.143944249460,5.814394424946
1,188,53.102914021866,5.310291402187
1,189,96.934155032181,9.693415503218
1,190,173.936889707653,17.393688970765
1,191,242.083587208554,24.208358720855
1,192,120.922271039293,12.092227103929
1,193,34.491892518231,3.449189251823
2,1,59.372122907144,5.937212290714
2,2,71.758860170813,7.175886017081
2,3,329.114022936874,32.911402293687
2,4,76.333605494040,7.633360549404
2,5,86.197251047067,8.619725104707
2,6,73.340162095489,7.334016209549
2,7,494.863209777314,49.486320977731
2,8,1129.607861222068,112.960786122207
2,9,285.982006277889,28.598200627789
2,10,628.291183442025,62.829118344202
2,11,520.401900488217,52.040190048822
2,12,285.550765355333,28.555076535533
2,13,307.773668385915,30.777366838591
2,14,330.064504004031,33.006450400403
2,15,97.639514452639,9.763951445264
2,16,420.634875432021,42.063487543202
2,17,453.574000356445,45.357400035645
2,18,473.550079386554,47.355007938655
2,19,445.816073297520,44.581607329752
2,20,230.227884791840,23.022788479184
2,21,694.929728675523,69.492972867552
2,22,561.172317109842,56.117231710984
2,23,328.393221756450,32.839322175645
2,24,537.257937384208,53.725793738421
2,25,434.465899128671,43.446589912867
2,26,512.794856627002,51.279485662700
2,27,29.209670603366,2.920967060337
2,28,116.256430480240,11.625643048024
2,29,565.379152831533,56.537915283153
2,30,439.288921124117,43.928892112412
2,31,357.268341940497,35.726834194050
2,32,147.302773299705,14.730277329971
2,33,424.774162005058,42.477416200506
2,34,949.963041234371,94.996304123437
2,35,578.725573695382,57.872557369538
2,36,667.626068818339,66.762606881834
2,37,818.496485233427,81.849648523343
2,38,331.500418688218,33.150041868822
2,39,639.557640122944,63.955764012294
2,40,969.460460734251,96.946046073425
2,41,175.169768772234,17.516976877223
2,42,1069.063118325597,106.906311832560
2,43,557.206472721723,55.720647272172
2,44,171.913925369532,17.191392536953
2,45,314.765931915923,31.476593191592
2,46,990.208593941215,99.020859394121
2,47,2508.046016492768,250.804601649277
2,48,174.947374224148,17.494737422415
2,49,357.930029627534,35.793002962753
2,50,425.641564649078,42.564156464908
2,51,1705.227196582873,170.522719658287
2,52,392.422848877561,39.242284887756
2,53,814.433183464318,81.443318346432
2,54,349.928235443465,34.992823544347
2,55,1018.580194974576,101.858019497458
2,56,141.517000193072,14.151700019307
2,57,1603.812790302373,160.381279030237
2,58,1200.569999315014,120.056999931501
2,59,109.015442932659,10.901544293266
2,60,158.759926914961,15.875992691496
2,61,760.054585039485,76.005458503949
2,62,894.586031882884,89.458603188288
2,63,123.939906490739,12.393990649074
2,64,451.598714986666,45.159871498667
2,65,107.397522595323,10.739752259532
2,66,31.024295084096,3.102429508410
2,67,24.580476959746,2.458047695975
2,68,38.808551612506,3.880855161251
2,69,40.382184759662,4.038218475966
2,70,222.726925686324,22.272692568632
2,71,251.185631251019,25.118563125102
2,72,87.696497052276,8.769649705228
2,73,284.791812006746,28.479181200675
2,74,80.990598456172,8.099059845617
2,75,168.080686926035,16.808068692603
2,76,74.823623200302,7.482362320030
2,77,308.567706391658,30.856770639166
2,78,74.681495190261,7.468149519026
2,79,136.132048524830,13.613204852483
2,80,36.122242753641,3.612224275364
2,81,197.166570678928,19.716657067893
2,82,85.729263898894,8.572926389889
2,83,225.448255295864,22.544825529586
2,84,328.862678753648,32.886267875365
2,85,212.333175887208,21.233317588721
2,86,207.931425403543,20.793142540354
2,87,47.568660080369,4.756866008037
2,88,13.375562218426,1.337556221843
2,89,72.151501579850,7.215150157985
2,90,144.498429173508,14.449842917351
2,91,48.371197647864,4.837119764786
2,92,24.549737943185,2.454973794318
2,93,95.714395669137,9.571439566914
2,94,35.380032902640,3.538003290264
2,95,54.367478697428,5.436747869743
2,96,140.657777578408,14.065777757841
2,97,43.766480185829,4.376648018583
2,98,225.642658806003,22.564265880600
2,99,723.960077697874,72.396007769787
2,100,169.658410087867,16.965841008787
2,101,264.594233119262,26.459423311926
2,102,77.895607661957,7.789560766196
2,103,81.660849611442,8.166084961144
2,104,172.510684073567,17.251068407357
2,105,115.645740163709,11.564574016371
2,106,136.864608497453,13.686460849745
2,107,25.987122476398,2.598712247640
2,108,710.367041730272,71.036704173027
2,109,371.996484794056,37.199648479406
2,110,217.696143726559,21.769614372656
2,111,137.858673783515,13.785867378351
2,112,25.486543023763,2.548654302376
2,113,541.754588989687,54.175458898969
2,114,59.925936457065,5.992593645706
2,115,26.131359400258,2.613135940026
2,116,36.888864879750,3.688886487975
2,117,222.740154327546,22.274015432755
2,118,80.895377801962,8.089537780196
2,119,81.495843081798,8.149584308180
2,120,33.415228195472,3.341522819547
2,121,77.763257343253,7.776325734325
2,122,64.395683434744,6.439568343474
2,123,52.374938578229,5.237493857823
2,124,101.784233076417,10.178423307642
2,125,21.677652948892,2.167765294889
2,126,361.137176292983,36.113717629298
2,127,284.574018725169,28.457401872517
2,128,429.963304220613,42.996330422061
2,129,50.890966221581,5.089096622158
2,130,64.378556498282,6.437855649828
2,131,164.980391894034,16.498039189403
2,132,88.562174221354,8.856217422135
2,133,265.071294987500,26.507129498750
2,134,603.914056899523,60.391405689952
2,135,128.165786343273,12.816578634327
2,136,147.384509686775,14.738450968678
2,137,1754.001708021822,175.400170802182
2,138,37.902805080886,3.790280508089
2,139,40.212640869985,4.021264086999
2,140,46.501741407865,4.650174140786
2,141,48.335857364791,4.833585736479
2,142,65.678158662048,6.567815866205
2,143,94.431920441834,9.443192044183
2,144,43.439598544028,4.343959854403
2,145,134.936422202944,13.493642220294
2,146,39.465765845992,3.946576584599
2,147,53.497839326631,5.349783932663
2,148,289.643464104933,28.964346410493
2,149,1145.859790168902,114.585979016890
2,150,637.210674669349,63.721067466935
2,151,538.543480122519,53.854348012252
2,152,241.359179268966,24.135917926897
2,153,189.131225593207,18.913122559321
2,154,129.454140966676,12.945414096668
2,155,362.746533162086,36.274653316209
2,156,390.796237259036,39.079623725904
2,157,183.973269739566,18.397326973957
2,158,481.299059538365,48.129905953837
2,159,334.747634716212,33.474763471621
2,160,955.360262946644,95.536026294664
2,161,157.532858605243,15.753285860524
2,162,56.842768361527,5.684276836153
2,163,59.787387209865,5.978738720987
2,164,50.280403718010,5.028040371801
2,165,1466.081801664568,146.608180166457
2,166,470.907226933635,47.090722693363
2,167,1956.677400658346,195.667740065835
2,168,124.606642789644,12.460664278964
2,169,35.116290862422,3.511629086242
2,170,154.307690312622,15.430769031262
2,171,43.196434390156,4.319643439016
2,172,455.566284849727,45.556628484973
2,173,47.273795584716,4.727379558472
2,174,342.800170644870,34.280017064487
2,175,155.425350729719,15.542535072972
2,176,450.389540491160,45.038954049116
2,177,575.869529227405,57.586952922741
2,178,650.938425495397,65.093842549540
2,179,347.441378706608,34.744137870661
2,180,324.960421312470,32.496042131247
2,181,294.597558289495,29.459755828950
2,182,531.846656246482,53.184665624648
2,183,240.591854171585,24.059185417158
2,184,475.365598557990,47.536559855799
2,185,271.664143021661,27.166414302166
2,186,406.805768929751,40.680576892975
2,187,56.223514576767,5.622351457677
2,188,51.348983958977,5.134898395898
2,189,93.732527931987,9.373252793199
2,190,168.191948106558,16.819194810656
2,191,234.087836143701,23.408783614370
2,192,116.928343203972,11.692834320397
2,193,33.352663752202,3.335266375220
3,1,58.016186939905,5.801618693991
3,2,70.120036852571,7.012003685257
3,3,321.597742245329,32.159774224533
3,4,74.590304494676,7.459030449468
3,5,84.228684870738,8.422868487074
3,6,71.665225125760,7.166522512576
3,7,483.561561930731,48.356156193073
3,8,1103.809963944539,110.380996394454
3,9,279.450771258688,27.945077125869
3,10,613.942317815967,61.394231781597
3,11,508.517001991405,50.851700199140
3,12,279.029378983086,27.902937898309
3,13,300.744757066938,30.074475706694
3,14,322.526516299127,32.252651629913
3,15,95.409630746490,9.540963074649
3,16,411.028448564558,41.102844856456
3,17,443.215312292522,44.321531229252
3,18,462.735179169266,46.273517916927
3,19,435.634560173879,43.563456017388
3,20,224.969958102257,22.496995810226
3,21,679.058977089147,67.905897708915
3,22,548.356306980335,54.835630698033
3,23,320.893402666714,32.089340266671
3,24,524.988082015833,52.498808201583
3,25,424.543600407958,42.454360040796
3,26,501.083687211628,50.108368721163
3,27,28.542582397269,2.854258239727
3,28,113.601375080628,11.360137508063
3,29,552.467067312028,55.246706731203
3,30,429.256474598775,42.925647459878
3,31,349.109075081357,34.910907508136
3,32,143.938683915475,14.393868391548
3,33,415.073202429847,41.507320242985
3,34,928.267858510784,92.826785851078
3,35,565.508683644775,56.550868364478
3,36,652.378876111532,65.237887611153
3,37,799.803725583873,79.980372558387
3,38,323.929637674420,32.392963767442
3,39,624.951472027494,62.495147202749
3,40,947.319997446761,94.731999744676
3,41,171.169255093066,17.116925509307
3,42,1044.647937220252,104.464793722025
3,43,544.481034240710,54.448103424071
3,44,167.987768391073,16.798776839107
3,45,307.577331821332,30.757733182133
3,46,967.594286386569,96.759428638657
3,47,2450.767454859177,245.076745485918
3,48,170.951939574530,17.095193957453
3,49,349.755651195991,34.975565119599
3,50,415.920795399133,41.592079539913
3,51,1666.283349286430,166.628334928643
3,52,383.460726098293,38.346072609829
3,53,795.833221187415,79.583322118742
3,54,341.936601370814,34.193660137081
3,55,995.317938982082,99.531793898208
3,56,138.285045849150,13.828504584915
3,57,1567.185037400718,156.718503740072
3,58,1173.151474196655,117.315147419665
3,59,106.525756648608,10.652575664861
3,60,155.134179939449,15.513417993945
3,61,742.696517002537,74.269651700254
3,62,874.155545031049,87.415554503105
3,63,121.109376458153,12.110937645815
3,64,441.285138337787,44.128513833779
3,65,104.944786251246,10.494478625125
3,66,30.315764623957,3.031576462396
3,67,24.019109921317,2.401910992132
3,68,37.922244901692,3.792224490169
3,69,39.459939536311,3.945993953631
3,70,217.640305322705,21.764030532270
3,71,245.449073162981,24.544907316298
3,72,85.693691211224,8.569369121122
3,73,278.287758552582,27.828775855258
3,74,79.140941410445,7.914094141045
3,75,164.242073151726,16.424207315173
3,76,73.114807060190,7.311480706019
3,77,301.520660893902,30.152066089390
3,78,72.975924958688,7.297592495869
3,79,133.023075292099,13.302307529210
3,80,35.297285757517,3.529728575752
3,81,192.663695733073,19.266369573307
3,82,83.771385576987,8.377138557699
3,83,220.299485416351,22.029948541635
3,84,321.352138241190,32.135213824119
3,85,207.483927180473,20.748392718047
3,86,203.182703535118,20.318270353512
3,87,46.482290687494,4.648229068749
3,88,13.070092159315,1.307009215932
3,89,70.503711147370,7.050371114737
3,90,141.198385184305,14.119838518430
3,91,47.266499963872,4.726649996387
3,92,23.989072920047,2.398907292005
3,93,93.528477677400,9.352847767740
3,94,34.572026437892,3.457202643789
3,95,53.125838408950,5.312583840895
3,96,137.445446094341,13.744544609434
3,97,42.766944684356,4.276694468436
3,98,220.489449154108,22.048944915411
3,99,707.426333237848,70.742633323785
3,100,165.783764393581,16.578376439358
3,101,258.551450415137,25.855145041514
3,102,76.116633777462,7.611663377746
3,103,79.795885421485,7.979588542149
3,104,168.570898365816,16.857089836582
3,105,113.004631662482,11.300463166248
3,106,133.738905116524,13.373890511652
3,107,25.393630576067,2.539363057607
3,108,694.143733978080,69.414373397808
3,109,363.500857743499,36.350085774350
3,110,212.724415973623,21.272441597362
3,111,134.710268016193,13.471026801619
3,112,24.904483318394,2.490448331839
3,113,529.382039438495,52.938203943849
3,114,58.557352538654,5.855735253865
3,115,25.534573428177,2.553457342818
3,116,36.046399826591,3.604639982659
3,117,217.653231849239,21.765323184924
3,118,79.047895398198,7.904789539820
3,119,79.634647298249,7.963464729825
3,120,32.652093789202,3.265209378920
3,121,75.987306065137,7.598730606514
3,122,62.925019779333,6.292501977933
3,123,51.178803767431,5.117880376743
3,124,99.459692605765,9.945969260577
3,125,21.182580381508,2.118258038151
3,126,352.889553293065,35.288955329307
3,127,278.074939217186,27.807493921719
3,128,420.143835415404,42.014383541540
3,129,49.728722257097,4.972872225710
3,130,62.908283986526,6.290828398653
3,131,161.212582418731,16.121258241873
3,132,86.539598111832,8.653959811183
3,133,259.017617181194,25.901761718119
3,134,590.121914210736,59.012191421074
3,135,125.238745992296,12.523874599230
3,136,144.018553613236,14.401855361324
3,137,1713.943952192109,171.394395219211
3,138,37.037183739557,3.703718373956
3,139,39.294267676920,3.929426767692
3,140,45.439738221406,4.543973822141
3,141,47.231966779461,4.723196677946
3,142,64.178205936233,6.417820593623
3,143,92.275291520500,9.227529152050
3,144,42.447528340299,4.244752834030
3,145,131.854754592006,13.185475459201
3,146,38.564449727165,3.856444972716
3,147,52.276059795082,5.227605979508
3,148,283.028608994060,28.302860899406
3,149,1119.690732590595,111.969073259060
3,150,622.658106390052,62.265810639005
3,151,526.244265628160,52.624426562816
3,152,235.847036933985,23.584703693399
3,153,184.811861239149,18.481186123915
3,154,126.497677272101,12.649767727210
3,155,354.462155794022,35.446215579402
3,156,381.871262910551,38.187126291055
3,157,179.771702383777,17.977170238378
3,158,470.307188709572,47.030718870957
3,159,327.102694033024,32.710269403302
3,160,933.541818889547,93.354181888955
3,161,153.935135321220,15.393513532122
3,162,55.544597598468,5.554459759847
3,163,58.421967468484,5.842196746848
3,164,49.132103732928,4.913210373293
3,165,1432.599538466717,143.259953846672
3,166,460.152683976986,46.015268397699
3,167,1911.990952980090,191.199095298009
3,168,121.760885884848,12.176088588485
3,169,34.314307718062,3.431430771806
3,170,150.783623173507,15.078362317351
3,171,42.209917550634,4.220991755063
3,172,445.162097146090,44.516209714609
3,173,46.194160284467,4.619416028447
3,174,334.971326766740,33.497132676674
3,175,151.875758548135,15.187575854814
3,176,440.103578876219,44.010357887622
3,177,562.717865300248,56.271786530025
3,178,636.072343900710,63.607234390071
3,179,339.506539276454,33.950653927645
3,180,317.539000254713,31.753900025471
3,181,287.869561957438,28.786956195744
3,182,519.700383299691,51.970038329969
3,183,235.097235948041,23.509723594804
3,184,464.509235653785,46.450923565379
3,185,265.459898260050,26.545989826005
3,186,397.515170130800,39.751517013080
3,187,54.939486283919,5.493948628392
3,188,50.176279820706,5.017627982071
3,189,91.591871682891,9.159187168289
3,190,164.350793357982,16.435079335798
3,191,228.741756182624,22.874175618262
3,192,114.257942713359,11.425794271336
3,193,32.590958187866,3.259095818787
4,1,57.395210212474,5.739521021247
4,2,69.369506469437,6.936950646944
4,3,318.155518203002,31.815551820300
4,4,73.791926565578,7.379192656558
4,5,83.327142459117,8.332714245912
4,6,70.898155807412,7.089815580741
4,7,478.385756830850,47.838575683085
4,8,1091.995325043397,109.199532504340
4,9,276.459667662134,27.645966766213
4,10,607.370981238061,60.737098123806
4,11,503.074086136442,50.307408613644
4,12,276.042785762171,27.604278576217
4,13,297.525733120589,29.752573312059
4,14,319.074351116182,31.907435111618
4,15,94.388412990008,9.438841299001
4,16,406.629002231846,40.662900223185
4,17,438.471353602858,43.847135360286
4,18,457.782289426177,45.778228942618
4,19,430.971742125998,43.097174212600
4,20,222.561990331170,22.256199033117
4,21,671.790663820605,67.179066382061
4,22,542.486970801320,54.248697080132
4,23,317.458717528778,31.745871752878
4,24,519.368867822245,51.936886782225
4,25,419.999494537880,41.999949453788
4,26,495.720333901697,49.572033390170
4,27,28.237076635095,2.823707663509
4,28,112.385441841129,11.238544184113
4,29,546.553731576465,54.655373157646
4,30,424.661924441573,42.466192444157
4,31,345.372383264898,34.537238326490
4,32,142.398035044822,14.239803504482
4,33,410.630463041335,41.063046304133
4,34,918.332135958825,91.833213595882
4,35,559.455756863025,55.945575686302
4,36,645.396133520184,64.539613352018
4,37,791.243019920561,79.124301992056
4,38,320.462454170456,32.046245417046
4,39,618.262298878199,61.826229887820
4,40,937.180350171185,93.718035017118
4,41,169.337143582969,16.933714358297
4,42,1033.466539551967,103.346653955197
4,43,538.653177074893,53.865317707489
4,44,166.189709949693,16.618970994969
4,45,304.285175355684,30.428517535568
4,46,957.237633094898,95.723763309490
4,47,2424.535645530007,242.453564553001
4,48,169.122154102848,16.912215410285
4,49,346.012038746846,34.601203874685
4,50,411.468983792399,41.146898379240
4,51,1648.448271943539,164.844827194354
4,52,379.356351106577,37.935635110658
4,53,787.315013850110,78.731501385011
4,54,338.276680184885,33.827668018489
4,55,984.664545350013,98.466454535001
4,56,136.804910739392,13.680491073939
4,57,1550.410659642798,155.041065964280
4,58,1160.594637878161,116.059463787816
4,59,105.385557348380,10.538555734838
4,60,153.473699986306,15.347369998631
4,61,734.747058809422,73.474705880942
4,62,864.799014065279,86.479901406528
4,63,119.813081265018,11.981308126502
4,64,436.561839280700,43.656183928070
4,65,103.821508880488,10.382150888049
4,66,29.991279591440,2.999127959144
4,67,23.762021183476,2.376202118348
4,68,37.516343845833,3.751634384583
4,69,39.037579753458,3.903757975346
4,70,215.310790549589,21.531079054959
4,71,242.821907017752,24.282190701775
4,72,84.776468092356,8.477646809236
4,73,275.309103271960,27.530910327196
4,74,78.293855702213,7.829385570221
4,75,162.484106789720,16.248410678972
4,76,72.332222129850,7.233222212985
4,77,298.293332054648,29.829333205465
4,78,72.194826554047,7.219482655405
4,79,131.599261726873,13.159926172687
4,80,34.919480973146,3.491948097315
4,81,190.601518303263,19.060151830326
4,82,82.874737872065,8.287473787207
4,83,217.941508087536,21.794150808754
4,84,317.912543023313,31.791254302331
4,85,205.263121283172,20.526312128317
4,86,201.007935819988,20.100793581999
4,87,45.984767112142,4.598476711214
4,88,12.930196321887,1.293019632189
4,89,69.749074103308,6.974907410331
4,90,139.687067123346,13.968706712335
4,91,46.760582598171,4.676058259817
4,92,23.732305683492,2.373230568349
4,93,92.527394858050,9.252739485805
4,94,34.201984472530,3.420198447253
4,95,52.557205566682,5.255720556668
4,96,135.974297647367,13.597429764737
4,97,42.309188345082,4.230918834508
4,98,218.129438546885,21.812943854689
4,99,699.854389742705,69.985438974271
4,100,164.009296526864,16.400929652686
4,101,255.784042868728,25.578404286873
4,102,75.301918770508,7.530191877051
4,103,78.941789514720,7.894178951472
4,104,166.766598388022,16.676659838802
4,105,111.795085670999,11.179508567100
4,106,132.307429660967,13.230742966097
4,107,25.121829645250,2.512182964525
4,108,686.713960891838,68.671396089184
4,109,359.610123364597,35.961012336460
4,110,210.447518462023,21.044751846202
4,111,133.268395569962,13.326839556996
4,112,24.637917979216,2.463791797922
4,113,523.715794485998,52.371579448600
4,114,57.930583440847,5.793058344085
4,115,25.261263914399,2.526126391440
4,116,35.660576893706,3.566057689371
4,117,215.323578716940,21.532357871694
4,118,78.201805608713,7.820180560871
4,119,78.782277205044,7.878227720504
4,120,32.302601838516,3.230260183852
4,121,75.173975318401,7.517397531840
4,122,62.251501319794,6.225150131979
4,123,50.631011026239,5.063101102624
4,124,98.395124979326,9.839512497933
4,125,20.955852460600,2.095585246060
4,126,349.112397097406,34.911239709741
4,127,275.098561850045,27.509856185005
4,128,415.646822465607,41.564682246561
4,129,49.196450475110,4.919645047511
4,130,62.234944658680,6.223494465868
4,131,159.487042235355,15.948704223535
4,132,85.613320821592,8.561332082159
4,133,256.245220015025,25.624522001502
4,134,583.805539516006,58.380553951601
4,135,123.898252058863,12.389825205886
4,136,142.477049856625,14.247704985662
4,137,1695.598739199484,169.559873919948
4,138,36.640755943023,3.664075594302
4,139,38.873681164158,3.887368116416
4,140,44.953373614830,4.495337361483
4,141,46.726419039979,4.672641903998
4,142,63.491273988500,6.349127398850
4,143,91.287622189345,9.128762218934
4,144,41.993190876453,4.199319087645
4,145,130.443446156869,13.044344615687
4,146,38.151674826746,3.815167482675
4,147,51.716522565099,5.171652256510
4,148,279.999209982289,27.999920998229
4,149,1107.706113753455,110.770611375346
4,150,615.993480298457,61.599348029846
4,151,520.611605863091,52.061160586309
4,152,233.322646261408,23.332264626141
4,153,182.833725983525,18.283372598352
4,154,125.143708357504,12.514370835750
4,155,350.668167234741,35.066816723474
4,156,377.783900750956,37.778390075096
4,157,177.847514509337,17.784751450934
4,158,465.273251900959,46.527325190096
4,159,323.601547694591,32.360154769459
4,160,923.549646459901,92.354964645990
4,161,152.287489351872,15.228748935187
4,162,54.950075547598,5.495007554760
4,163,57.796647465875,5.779664746587
4,164,48.606217862154,4.860621786215
4,165,1417.265697688146,141.726569768815
4,166,455.227435992133,45.522743599213
4,167,1891.525942308339,189.152594230834
4,168,120.457617255281,12.045761725528
4,169,33.947024247108,3.394702424711
4,170,149.169709439992,14.916970943999
4,171,41.758123355802,4.175812335580
4,172,440.397301028957,44.039730102896
4,173,45.699720715221,4.569972071522
4,174,331.385958454025,33.138595845403
4,175,150.250155134781,15.025015513478
4,176,435.392926650414,43.539292665041
4,177,556.694810065282,55.669481006528
4,178,629.264138409129,62.926413840913
4,179,335.872628279861,33.587262827986
4,180,314.140218990199,31.414021899020
4,181,284.788347766363,28.478834776636
4,182,514.137766032197,51.413776603220
4,183,232.580870776398,23.258087077640
4,184,459.537357282726,45.953735728273
4,185,262.618546086105,26.261854608610
4,186,393.260363283398,39.326036328340
4,187,54.351441046911,5.435144104691
4,188,49.639217602707,4.963921760271
4,189,90.611517341510,9.061151734151
4,190,162.591663308366,16.259166330837
4,191,226.293416940194,22.629341694019
4,192,113.034981896877,11.303498189688
4,193,32.242120602585,3.224212060258
5,1,57.980624396044,5.798062439604
5,2,70.077054936357,7.007705493636
5,3,321.400610471981,32.140061047198
5,4,74.544582410630,7.454458241063
5,5,84.177054688575,8.417705468857
5,6,71.621296045856,7.162129604586
5,7,483.265150184923,48.326515018492
5,8,1103.133354668261,110.313335466826
5,9,279.279474576947,27.927947457695
5,10,613.565985765249,61.356598576525
5,11,508.205293153895,50.820529315390
5,12,278.858340604796,27.885834060480
5,13,300.560407677941,30.056040767794
5,14,322.328815209355,32.232881520936
5,15,95.351146910215,9.535114691022
5,16,410.776497893522,41.077649789352
5,17,442.943631838930,44.294363183893
5,18,462.451533501160,46.245153350116
5,19,435.367526541181,43.536752654118
5,20,224.832056864266,22.483205686427
5,21,678.642730073768,67.864273007377
5,22,548.020177595634,54.802017759563
5,23,320.696702636788,32.069670263679
5,24,524.666276797698,52.466627679770
5,25,424.283365270024,42.428336527002
5,26,500.776534819430,50.077653481943
5,27,28.525086472563,2.852508647256
5,28,113.531740137397,11.353174013740
5,29,552.128418128934,55.212841812893
5,30,428.993350580962,42.899335058096
5,31,348.895079514775,34.889507951478
5,32,143.850452922883,14.385045292288
5,33,414.818772420814,41.481877242081
5,34,927.698852373446,92.769885237345
5,35,565.162040260799,56.516204026080
5,36,651.978983364010,65.197898336401
5,37,799.313464907119,79.931346490712
5,38,323.731076504590,32.373107650459
5,39,624.568391626873,62.456839162687
5,40,946.739312801022,94.673931280102
5,41,171.064332407466,17.106433240747
5,42,1044.007592860394,104.400759286039
5,43,544.147280306104,54.414728030610
5,44,167.884795881214,16.788479588121
5,45,307.388794226383,30.738879422638
5,46,967.001174083522,96.700117408352
5,47,2449.265192650898,244.926519265090
5,48,170.847150098178,17.084715009818
5,49,349.541259293618,34.954125929362
5,50,415.665845835751,41.566584583575
5,51,1665.261957191903,166.526195719190
5,52,383.225673785992,38.322567378599
5,53,795.345394335498,79.534539433550
5,54,341.727002360165,34.172700236017
5,55,994.707832738837,99.470783273884
5,56,138.200280402336,13.820028040234
5,57,1566.224390216344,156.622439021634
5,58,1172.432360222468,117.243236022247
5,59,106.460458891326,10.646045889133
5,60,155.039086373851,15.503908637385
5,61,742.241261687513,74.224126168751
5,62,873.619708455917,87.361970845592
5,63,121.035139288501,12.103513928850
5,64,441.014641034958,44.101464103496
5,65,104.880457591247,10.488045759125
5,66,30.297181780685,3.029718178069
5,67,24.004386777740,2.400438677774
5,68,37.898999466776,3.789899946678
5,69,39.435751531125,3.943575153113
5,70,217.506896987681,21.750689698768
5,71,245.298618714135,24.529861871414
5,72,85.641163014990,8.564116301499
5,73,278.117174769991,27.811717476999
5,74,79.092429894114,7.909242989411
5,75,164.141396664034,16.414139666403
5,76,73.069989421008,7.306998942101
5,77,301.335835894297,30.133583589430
5,78,72.931192450933,7.293119245093
5,79,132.941535308187,13.294153530819
5,80,35.275649360174,3.527564936017
5,81,192.545597466167,19.254559746617
5,82,83.720035708424,8.372003570842
5,83,220.164447067124,22.016444706712
5,84,321.155157017258,32.115515701726
5,85,207.356744463887,20.735674446389
5,86,203.058157366410,20.305815736641
5,87,46.453798147936,4.645379814794
5,88,13.062080503427,1.306208050343
5,89,70.460494047930,7.046049404793
5,90,141.111833929712,14.111183392971
5,91,47.237526722664,4.723752672266
5,92,23.974368188439,2.397436818844
5,93,93.471146943252,9.347114694325
5,94,34.550834607276,3.455083460728
5,95,53.093273532521,5.309327353252
5,96,137.361195302223,13.736119530222
5,97,42.740729563606,4.274072956361
5,98,220.354294361624,22.035429436162
5,99,706.992697707289,70.699269770729
5,100,165.682142885796,16.568214288580
5,101,258.392964520408,25.839296452041
5,102,76.069976089840,7.606997608984
5,103,79.746972440041,7.974697244004
5,104,168.467568411140,16.846756841114
5,105,112.935362508785,11.293536250879
5,106,133.656926345941,13.365692634594
5,107,25.378064883994,2.537806488399
5,108,693.718240365213,69.371824036521
5,109,363.278040356161,36.327804035616
5,110,212.594020961945,21.259402096195
5,111,134.627693823237,13.462769382324
5,112,24.889217461965,2.488921746196
5,113,529.057540828880,52.905754082888
5,114,58.521458273141,5.852145827314
5,115,25.518921341485,2.551892134148
5,116,36.024304240127,3.602430424013
5,117,217.519815590561,21.751981559056
5,118,78.999440916861,7.899944091686
5,119,79.585833151943,7.958583315194
5,120,32.632078831673,3.263207883167
5,121,75.940727652329,7.594072765233
5,122,62.886448237597,6.288644823760
5,123,51.147432376966,5.114743237697
5,124,99.398726177818,9.939872617782
5,125,21.169595963129,2.116959596313
5,126,352.673240383181,35.267324038318
5,127,277.904485887790,27.790448588779
5,128,419.886297228851,41.988629722885
5,129,49.698239732138,4.969823973214
5,130,62.869722703433,6.286972270343
5,131,161.113762936864,16.111376293686
5,132,86.486551394769,8.648655139477
5,133,258.858845537317,25.885884553732
5,134,589.760183501346,58.976018350135
5,135,125.161977617253,12.516197761725
5,136,143.930273662417,14.393027366242
5,137,1712.893345280638,171.289334528064
5,138,37.014480826099,3.701448082610
5,139,39.270181224648,3.927018122465
5,140,45.411884741734,4.541188474173
5,141,47.203014706274,4.720301470627
5,142,64.138866221165,6.413886622116
5,143,92.218728959685,9.221872895968
5,144,42.421509014175,4.242150901418
5,145,131.773930760919,13.177393076092
5,146,38.540810635951,3.854081063595
5,147,52.244015812749,5.224401581275
5,148,282.855119182813,28.285511918281
5,149,1119.004388780539,111.900438878054
5,150,622.276431768066,62.227643176807
5,151,525.921690399324,52.592169039932
5,152,235.702468305159,23.570246830516
5,153,184.698575960193,18.469857596019
5,154,126.420137202102,12.642013720210
5,155,354.244878916178,35.424487891618
5,156,381.637184901412,38.163718490141
5,157,179.661506602422,17.966150660242
5,158,470.018901579563,47.001890157956
5,159,326.902187855052,32.690218785505
5,160,932.969579939832,93.296957993983
5,161,153.840776741477,15.384077674148
5,162,55.510550080136,5.551055008014
5,163,58.386156190802,5.838615619080
5,164,49.101986920945,4.910198692094
5,165,1431.721388994818,143.172138899482
5,166,459.870621317061,45.987062131706
5,167,1910.818947963646,191.081894796365
5,168,121.686249355402,12.168624935540
5,169,34.293273862898,3.429327386290
5,170,150.691196395817,15.069119639582
5,171,42.184043874278,4.218404387428
5,172,444.889223359647,44.488922335965
5,173,46.165844362000,4.616584436200
5,174,334.765997303897,33.476599730390
5,175,151.782662317414,15.178266231741
5,176,439.833805841262,43.983380584126
5,177,562.372932621593,56.237293262159
5,178,635.682446669915,63.568244666991
5,179,339.298429836121,33.929842983612
5,180,317.344356393749,31.734435639375
5,181,287.693104757069,28.769310475707
5,182,519.381819315209,51.938181931521
5,183,234.953126929401,23.495312692940
5,184,464.224502531213,46.422450253121
5,185,265.297177650969,26.529717765097
5,186,397.271502778305,39.727150277831
5,187,54.905809684443,5.490580968444
5,188,50.145522953595,5.014552295360
5,189,91.535728042196,9.153572804220
5,190,164.250050227388,16.425005022739
5,191,228.601542922045,22.860154292204
5,192,114.187905309772,11.418790530977
5,193,32.570980705009,3.257098070501
6,1,59.669389299424,5.966938929942
6,2,72.118144906352,7.211814490635
6,3,330.761842375639,33.076184237564
6,4,76.715795222213,7.671579522221
6,5,86.628826415920,8.662882641592
6,6,73.707364148032,7.370736414803
6,7,497.340907960223,49.734090796022
6,8,1135.263620813510,113.526362081351
6,9,287.413870848340,28.741387084834
6,10,631.436933404430,63.143693340443
6,11,523.007466668420,52.300746666842
6,12,286.980470773861,28.698047077386
6,13,309.314640201642,30.931464020164
6,14,331.717082344178,33.171708234418
6,15,98.128379340470,9.812837934047
6,16,422.740924630940,42.274092463094
6,17,455.844970301864,45.584497030186
6,18,475.921066253289,47.592106625329
6,19,448.048200586227,44.804820058623
6,20,231.380597704285,23.138059770428
6,21,698.409126804076,69.840912680408
6,22,563.982014017858,56.398201401786
6,23,330.037432263010,33.003743226301
6,24,539.947898951183,53.994789895118
6,25,436.641197973964,43.664119797396
6,26,515.362335597689,51.536233559769
6,27,29.355918589370,2.935591858937
6,28,116.838507185198,11.683850718520
6,29,568.209912669703,56.820991266970
6,30,441.488368042248,44.148836804225
6,31,359.057125394485,35.905712539449
6,32,148.040293904453,14.804029390445
6,33,426.900935926725,42.690093592672
6,34,954.719348946469,95.471934894647
6,35,581.623156853753,58.162315685375
6,36,670.968762041216,67.096876204122
6,37,822.594561659624,82.259456165962
6,38,333.160186415520,33.316018641552
6,39,642.759799369155,64.275979936915
6,40,974.314388798624,97.431438879862
6,41,176.046814810840,17.604681481084
6,42,1074.415740410562,107.441574041056
6,43,559.996313303302,55.999631330330
6,44,172.774669939120,17.277466993912
6,45,316.341912837804,31.634191283780
6,46,995.166404474379,99.516640447438
6,47,2520.603387772223,252.060338777222
6,48,175.823306770063,17.582330677006
6,49,359.722126042250,35.972212604225
6,50,427.772681512214,42.777268151221
6,51,1713.764986911482,171.376498691148
6,52,394.387645129102,39.438764512910
6,53,818.510915611103,81.851091561110
6,54,351.680268199137,35.168026819914
6,55,1023.680057418121,102.368005741812
6,56,142.225552389521,14.222555238952
6,57,1611.842815484578,161.184281548458
6,58,1206.581054586422,120.658105458642
6,59,109.561265211476,10.956126521148
6,60,159.554811591502,15.955481159150
6,61,763.860052544559,76.386005254456
6,62,899.065076075015,89.906507607502
6,63,124.560453088333,12.456045308833
6,64,453.859795005183,45.385979500518
6,65,107.935244214805,10.793524421481
6,66,31.179628594522,3.117962859452
6,67,24.703547339388,2.470354733939
6,68,39.002859606941,3.900285960694
6,69,40.584371674802,4.058437167480
6,70,223.842082538065,22.384208253807
6,71,252.443276131113,25.244327613111
6,72,88.135578897725,8.813557889772
6,73,286.217717471479,28.621771747148
6,74,81.396104977293,8.139610497729
6,75,168.922239105204,16.892223910520
6,76,75.198252697059,7.519825269706
6,77,310.112653824253,31.011265382425
6,78,75.055413075596,7.505541307560
6,79,136.813639159579,13.681363915958
6,80,36.303100844252,3.630310084425
6,81,198.153751063829,19.815375106383
6,82,86.158496133555,8.615849613355
6,83,226.577037394533,22.657703739453
6,84,330.509239753690,33.050923975369
6,85,213.396292954052,21.339629295405
6,86,208.972503634281,20.897250363428
6,87,47.806828487953,4.780682848795
6,88,13.442531444566,1.344253144457
6,89,72.512752205935,7.251275220594
6,90,145.221908891383,14.522190889138
6,91,48.613384228214,4.861338422821
6,92,24.672654417660,2.467265441766
6,93,96.193621805860,9.619362180586
6,94,35.557174871374,3.555717487137
6,95,54.639687664506,5.463968766451
6,96,141.362027789440,14.136202778944
6,97,43.985611708007,4.398561170801
6,98,226.772414250870,22.677241425087
6,99,727.584825978956,72.758482597896
6,100,170.507861665767,17.050786166577
6,101,265.919012649555,26.591901264955
6,102,78.285618076446,7.828561807645
6,103,82.069711969159,8.206971196916
6,104,173.374416515213,17.337441651521
6,105,116.224759243333,11.622475924333
6,106,137.549866938734,13.754986693873
6,107,26.117235697317,2.611723569732
6,108,713.923731930147,71.392373193015
6,109,373.859009621548,37.385900962155
6,110,218.786112285709,21.878611228571
6,111,138.548909345147,13.854890934515
6,112,25.614149926218,2.561414992622
6,113,544.467064546975,54.446706454697
6,114,60.225975702123,6.022597570212
6,115,26.262194791581,2.626219479158
6,116,37.073561320456,3.707356132046
6,117,223.855377412904,22.385537741290
6,118,81.300407569028,8.130040756903
6,119,81.903879279132,8.190387927913
6,120,33.582532712247,3.358253271225
6,121,78.152605101603,7.815260510160
6,122,64.718101963099,6.471810196310
6,123,52.637171226729,5.263717122673
6,124,102.293849884374,10.229384988437
6,125,21.786189369180,2.178618936918
6,126,362.945330360214,36.294533036021
6,127,285.998833734989,28.599883373499
6,128,432.116059318461,43.211605931846
6,129,51.145768866114,5.114576886611
6,130,64.700889274901,6.470088927490
6,131,165.806421409131,16.580642140913
6,132,89.005590369104,8.900559036910
6,133,266.398463087606,26.639846308761
6,134,606.937754624165,60.693775462417
6,135,128.807491221832,12.880749122183
6,136,148.122439532084,14.812243953208
6,137,1762.783704256178,176.278370425618
6,138,38.092578152354,3.809257815235
6,139,40.413978906932,4.041397890693
6,140,46.734567930249,4.673456793025
6,141,48.577867002194,4.857786700219
6,142,66.006998331594,6.600699833159
6,143,94.904725437366,9.490472543737
6,144,43.657093423930,4.365709342393
6,145,135.612026534595,13.561202653460
6,146,39.663364403314,3.966336440331
6,147,53.765694153319,5.376569415332
6,148,291.093660988689,29.109366098869
6,149,1151.596920478605,115.159692047861
6,150,640.401083047997,64.040108304800
6,151,541.239878189204,54.123987818920
6,152,242.567624730435,24.256762473043
6,153,190.078174335254,19.007817433525
6,154,130.102296423589,13.010229642359
6,155,364.562745012785,36.456274501279
6,156,392.752889335435,39.275288933544
6,157,184.894393450384,18.489439345038
6,158,483.708844266131,48.370884426613
6,159,336.423660716695,33.642366071669
6,160,960.143593654522,96.014359365452
6,161,158.321599553858,15.832159955386
6,162,57.127370694249,5.712737069425
6,163,60.086732761776,6.008673276178
6,164,50.532149377146,5.053214937715
6,165,1473.422230583532,147.342223058353
6,166,473.264981475576,47.326498147558
6,167,1966.474160539390,196.647416053939
6,168,125.230527625531,12.523052762553
6,169,35.292112318416,3.529211231842
6,170,155.080283377417,15.508028337742
6,171,43.412711787388,4.341271178739
6,172,457.847229833847,45.784722983385
6,173,47.510487654576,4.751048765458
6,174,344.516514359914,34.451651435991
6,175,156.203539735230,15.620353973523
6,176,452.644566373117,45.264456637312
6,177,578.752812643850,57.875281264385
6,178,654.197566450251,65.419756645025
6,179,349.180960182216,34.918096018222
6,180,326.587444355395,32.658744435539
6,181,296.072559502843,29.607255950284
6,182,534.509524424460,53.450952442446
6,183,241.796457763297,24.179645776330
6,184,477.745675428717,47.774567542872
6,185,273.024320420641,27.302432042064
6,186,408.842578081371,40.884257808137
6,187,56.505016408286,5.650501640829
6,188,51.606079822512,5.160607982251
6,189,94.201831184983,9.420183118498
6,190,169.034057352042,16.903405735204
6,191,235.259875193675,23.525987519367
6,192,117.513784064724,11.751378406472
6,193,33.519655019166,3.351965501917
7,1,63.745403942033,6.374540394203
7,2,77.044533764817,7.704453376482
7,3,353.356176397967,35.335617639797
7,4,81.956249470472,8.195624947047
7,5,92.546439602330,9.254643960233
7,6,78.742312537196,7.874231253720
7,7,531.314254210543,53.131425421054
7,8,1212.813453248316,121.281345324832
7,9,307.047105909422,30.704710590942
7,10,674.570376140462,67.457037614046
7,11,558.734094967514,55.873409496751
7,12,306.584100285593,30.658410028559
7,13,330.443916325262,33.044391632526
7,14,354.376668787299,35.437666878730
7,15,104.831526728826,10.483152672883
7,16,451.618347695878,45.161834769588
7,17,486.983729982921,48.698372998292
7,18,508.431223597792,50.843122359779
7,19,478.654363103159,47.865436310316
7,20,247.186201135648,24.718620113565
7,21,746.117438566752,74.611743856675
7,22,602.507612725925,60.250761272593
7,23,352.582281846818,35.258228184682
7,24,576.831727798956,57.683172779896
7,25,466.468148398703,46.646814839870
7,26,550.566725165085,55.056672516508
7,27,31.361220728749,3.136122072875
7,28,124.819742986317,12.481974298632
7,29,607.024319039701,60.702431903970
7,30,471.646428545463,47.164642854546
7,31,383.584309564195,38.358430956420
7,32,158.152923055436,15.815292305544
7,33,456.062529269825,45.606252926982
7,34,1019.936206225848,101.993620622585
7,35,621.353821632644,62.135382163264
7,36,716.802623103371,71.680262310337
7,37,878.785977687536,87.878597768754
7,38,355.918351265336,35.591835126534
7,39,686.666706824877,68.666670682488
7,40,1040.869782810114,104.086978281011
7,41,188.072568775791,18.807256877579
7,42,1147.809055501951,114.780905550195
7,43,598.249648885095,59.824964888510
7,44,184.576903761390,18.457690376139
7,45,337.951221797337,33.795122179734
7,46,1063.146199208252,106.314619920825
7,47,2692.785748567214,269.278574856721
7,48,187.833792905768,18.783379290577
7,49,384.294736391270,38.429473639127
7,50,456.993823776675,45.699382377668
7,51,1830.832234668780,183.083223466878
7,52,421.328256308207,42.132825630821
7,53,874.423377869178,87.442337786918
7,54,375.703539419550,37.570353941955
7,55,1093.607619144041,109.360761914404
7,56,151.940976678244,15.194097667824
7,57,1721.947762001320,172.194776200132
7,58,1289.002579320156,128.900257932016
7,59,117.045392776849,11.704539277685
7,60,170.453997187022,17.045399718702
7,61,816.039315574254,81.603931557425
7,62,960.480191224782,96.048019122478
7,63,133.069174840627,13.306917484063
7,64,484.862947406320,48.486294740632
7,65,115.308298322424,11.530829832242
7,66,33.309508323385,3.330950832338
7,67,26.391046103192,2.639104610319
7,68,41.667144070518,4.166714407052
7,69,43.356689192205,4.335668919221
7,70,239.132730167772,23.913273016777
7,71,269.687670652655,26.968767065266
7,72,94.156118312320,9.415611831232
7,73,305.769243322258,30.576924332226
7,74,86.956271079780,8.695627107978
7,75,180.461313463751,18.046131346375
7,76,80.335043649515,8.033504364951
7,77,331.296442240507,33.129644224051
7,78,80.182446656718,8.018244665672
7,79,146.159375777140,14.615937577714
7,80,38.782964847396,3.878296484740
7,81,211.689629347603,21.168962934760
7,82,92.043981068943,9.204398106894
7,83,242.054509729047,24.205450972905
7,84,353.086318496587,35.308631849659
7,85,227.973388931933,22.797338893193
7,86,223.247410663107,22.324741066311
7,87,51.072511868016,5.107251186802
7,88,14.360790465567,1.436079046557
7,89,77.466096680171,7.746609668017
7,90,155.142014225437,15.514201422544
7,91,51.934163412775,5.193416341278
7,92,26.358042886674,2.635804288667
7,93,102.764605950491,10.276460595049
7,94,37.986084688069,3.798608468807
7,95,58.372123501423,5.837212350142
7,96,151.018464732130,15.101846473213
7,97,46.990267855672,4.699026785567
7,98,242.263232774051,24.226323277405
7,99,777.286129096855,77.728612909685
7,100,182.155249865807,18.215524986581
7,101,284.083934429947,28.408393442995
7,102,83.633306888612,8.363330688861
7,103,87.675892150129,8.767589215013
7,104,185.217619012623,18.521761901262
7,105,124.164069936332,12.416406993633
7,106,146.945895259349,14.694589525935
7,107,27.901303481094,2.790130348109
7,108,762.691846020459,76.269184602046
7,109,399.397310170294,39.939731017029
7,110,233.731386701058,23.373138670106
7,111,148.013182230102,14.801318223010
7,112,27.363851932273,2.736385193227
7,113,581.659597495078,58.165959749508
7,114,64.340010749398,6.434001074940
7,115,28.056164727831,2.805616472783
7,116,39.606055461422,3.960605546142
7,117,239.146933215214,23.914693321521
7,118,86.854036583707,8.685403658371
7,119,87.498731432772,8.749873143277
7,120,35.876554767411,3.587655476741
7,121,83.491207800446,8.349120780045
7,122,69.138994054348,6.913899405435
7,123,56.232815210767,5.623281521077
7,124,109.281540472010,10.928154047201
7,125,23.274403475576,2.327440347558
7,126,387.738117723788,38.773811772379
7,127,305.535407642646,30.553540764265
7,128,461.633897623296,46.163389762330
7,129,54.639535188401,5.463953518840
7,130,69.120605567806,6.912060556781
7,131,177.132654330854,17.713265433085
7,132,95.085560247765,9.508556024776
7,133,284.596136116650,28.459613611665
7,134,648.397659008077,64.839765900808
7,135,137.606328053618,13.760632805362
7,136,158.240680049046,15.824068004905
7,137,1883.199419494118,188.319941949412
7,138,40.694681310216,4.069468131022
7,139,43.174656898190,4.317465689819
7,140,49.927005215702,4.992700521570
7,141,51.896220005843,5.189622000584
7,142,70.515934904820,7.051593490482
7,143,101.387665100019,10.138766510002
7,144,46.639308494991,4.663930849499
7,145,144.875681020737,14.487568102074
7,146,42.372767934693,4.237276793469
7,147,57.438427513121,5.743842751312
7,148,310.978262431595,31.097826243159
7,149,1230.262480246617,123.026248024662
7,150,684.146866644809,68.414686664481
7,151,578.211962109704,57.821196210970
7,152,259.137413726646,25.913741372665
7,153,203.062410154111,20.306241015411
7,154,138.989581369621,13.898958136962
7,155,389.466017934941,38.946601793494
7,156,419.581830382999,41.958183038300
7,157,197.524525313447,19.752452531345
7,158,516.750984551743,51.675098455174
7,159,359.404753422711,35.940475342271
7,160,1025.730980968056,102.573098096806
7,161,169.136544462789,16.913654446279
7,162,61.029740103044,6.102974010304
7,163,64.191256126923,6.419125612692
7,164,53.983999365927,5.398399936593
7,165,1574.071670055213,157.407167005521
7,166,505.593701728580,50.559370172858
7,167,2100.803966270263,210.080396627026
7,168,133.785022154408,13.378502215441
7,169,37.702915718072,3.770291571807
7,170,165.673814051150,16.567381405115
7,171,46.378233154347,4.637823315435
7,172,489.122763818554,48.912276381855
7,173,50.755927998966,5.075592799897
7,174,368.050429716499,36.805042971650
7,175,166.873800025532,16.687380002553
7,176,483.564706533696,48.356470653370
7,177,618.287404274243,61.828740427424
7,178,698.885787518341,69.888578751834
7,179,373.033503728138,37.303350372814
7,180,348.896625342735,34.889662534273
7,181,316.297269391404,31.629726939140
7,182,571.021858030484,57.102185803048
7,183,258.313568361306,25.831356836131
7,184,510.380471785004,51.038047178500
7,185,291.674605615261,29.167460561526
7,186,436.770605405725,43.677060540572
7,187,60.364872809787,6.036487280979
7,188,55.131289975891,5.513128997589
7,189,100.636756157046,10.063675615705
7,190,180.580770012519,18.058077001252
7,191,251.330471983193,25.133047198319
7,192,125.541148014314,12.554114801431
7,193,35.809381900528,3.580938190053
8,1,70.818702730114,7.081870273011
8,2,85.593526689899,8.559352668990
8,3,392.565180651033,39.256518065103
8,4,91.050254750951,9.105025475095
8,5,102.815550449531,10.281555044953
8,6,87.479693891724,8.747969389172
8,7,590.269790421669,59.026979042167
8,8,1347.389303404197,134.738930340420
8,9,341.117576685445,34.111757668544
8,10,749.421856074111,74.942185607411
8,11,620.732183494600,62.073218349460
8,12,340.603195167584,34.060319516758
8,13,367.110537106229,36.711053710623
8,14,393.698908617117,39.369890861712
8,15,116.463811805220,11.646381180522
8,16,501.730690137649,50.173069013765
8,17,541.020275586044,54.102027558604
8,18,564.847619687569,56.484761968757
8,19,531.766667945180,53.176666794518
8,20,274.614403779292,27.461440377929
8,21,828.907902625605,82.890790262561
8,22,669.362885472789,66.936288547279
8,23,391.705413440017,39.170541344002
8,24,640.837960544411,64.083796054441
8,25,518.228250064184,51.822825006418
8,26,611.658548403180,61.165854840318
8,27,34.841115291423,3.484111529142
8,28,138.669954643875,13.866995464387
8,29,674.380773225848,67.438077322585
8,30,523.981121011556,52.398112101156
8,31,426.147479050648,42.614747905065
8,32,175.701841248766,17.570184124877
8,33,506.668005682001,50.666800568200
8,34,1133.110067952054,113.311006795205
8,35,690.300301876459,69.030030187646
8,36,796.340265219509,79.634026521951
8,37,976.297569215169,97.629756921517
8,38,395.411658813438,39.541165881344
8,39,762.860416250838,76.286041625084
8,40,1156.366469912379,115.636646991238
8,41,208.941421909151,20.894142190915
8,42,1275.171906769044,127.517190676904
8,43,664.632450698958,66.463245069896
8,44,205.057871940215,20.505787194022
8,45,375.450866002953,37.545086600295
8,46,1181.114715483567,118.111471548357
8,47,2991.581849839417,299.158184983942
8,48,208.676151061175,20.867615106118
8,49,426.936736050633,42.693673605063
8,50,507.702638216369,50.770263821637
8,51,2033.984503316064,203.398450331606
8,52,468.079558526623,46.807955852662
8,53,971.450887877206,97.145088787721
8,54,417.392245204056,41.739224520406
8,55,1214.956186550743,121.495618655074
8,56,168.800606702320,16.880060670232
8,57,1913.018023775452,191.301802377545
8,58,1432.032504903952,143.203250490395
8,59,130.032949270048,13.003294927005
8,60,189.367863554907,18.936786355491
8,61,906.588430411245,90.658843041124
8,62,1067.056712078640,106.705671207864
8,63,147.834757532471,14.783475753247
8,64,538.664167356122,53.866416735612
8,65,128.103103851012,12.810310385101
8,66,37.005588201858,3.700558820186
8,67,29.319441608970,2.931944160897
8,68,46.290601471852,4.629060147185
8,69,48.167621403056,4.816762140306
8,70,265.667305931450,26.566730593145
8,71,299.612674747419,29.961267474742
8,72,104.603841855723,10.460384185572
8,73,339.697920285235,33.969792028523
8,74,96.605087289401,9.660508728940
8,75,200.485608720855,20.048560872085
8,76,89.249157165890,8.924915716589
8,77,368.057660751666,36.805766075167
8,78,89.079627750402,8.907962775040
8,79,162.377469500276,16.237746950028
8,80,43.086388800953,4.308638880095
8,81,235.179071819021,23.517907181902
8,82,102.257338259951,10.225733825995
8,83,268.913291138179,26.891329113818
8,84,392.265378856466,39.226537885647
8,85,253.269705151268,25.326970515127
8,86,248.019324269951,24.801932426995
8,87,56.739604928227,5.673960492823
8,88,15.954288278968,1.595428827897
8,89,86.061866945639,8.606186694564
8,90,172.356836837575,17.235683683757
8,91,57.696866798600,5.769686679860
8,92,29.282776299236,2.928277629924
8,93,114.167541970602,11.416754197060
8,94,42.201085459456,4.220108545946
8,95,64.849193923562,6.484919392356
8,96,167.775731256615,16.777573125662
8,97,52.204388154877,5.220438815488
8,98,269.145174448395,26.914517444839
8,99,863.535124239033,86.353512423903
8,100,202.367507196390,20.236750719639
8,101,315.606372517307,31.560637251731
8,102,92.913401321716,9.291340132172
8,103,97.404558741580,9.740455874158
8,104,205.769682048955,20.576968204896
8,105,137.941526993509,13.794152699351
8,106,163.251262526243,16.325126252624
8,107,30.997279722427,3.099727972243
8,108,847.321434610739,84.732143461074
8,109,443.715117185200,44.371511718520
8,110,259.666620177534,25.966662017753
8,111,164.436977480347,16.443697748035
8,112,30.400191632712,3.040019163271
8,113,646.201538899649,64.620153889965
8,114,71.479288123382,7.147928812338
8,115,31.169324637337,3.116932463734
8,116,44.000810953923,4.400081095392
8,117,265.683084973269,26.568308497327
8,118,96.491508679203,9.649150867920
8,119,97.207739968741,9.720773996874
8,120,39.857478499380,3.985747849938
8,121,92.755534676267,9.275553467627
8,122,76.810774804195,7.681077480419
8,123,62.472504334744,6.247250433474
8,124,121.407606666260,12.140760666626
8,125,25.856970997570,2.585697099757
8,126,430.762200851135,43.076220085113
8,127,339.438137799627,33.943813779963
8,128,512.857582574216,51.285758257422
8,129,60.702431242537,6.070243124254
8,130,76.790345899810,7.679034589981
8,131,196.787595890990,19.678759589099
8,132,105.636416254201,10.563641625420
8,133,316.175408977120,31.617540897712
8,134,720.344969591076,72.034496959108
8,135,152.875361007571,15.287536100757
8,136,175.799335908122,17.579933590812
8,137,2092.162440322017,209.216244032202
8,138,45.210232584385,4.521023258439
8,139,47.965390495101,4.796539049510
8,140,55.466990903232,5.546699090323
8,141,57.654713126494,5.765471312649
8,142,78.340503360864,7.834050336086
8,143,112.637813413934,11.263781341393
8,144,51.814485744703,5.181448574470
8,145,160.951333783377,16.095133378338
8,146,47.074522563977,4.707452256398
8,147,63.811893435264,6.381189343526
8,148,345.484941042919,34.548494104292
8,149,1366.774504210927,136.677450421093
8,150,760.060970304869,76.006097030487
8,151,642.371348009327,64.237134800933
8,152,287.891743311345,28.789174331134
8,153,225.594561663481,22.559456166348
8,154,154.412102471716,15.441210247172
8,155,432.681831817977,43.268183181798
8,156,466.139346200884,46.613934620088
8,157,219.442183671786,21.944218367179
8,158,574.090555512703,57.409055551270
8,159,399.284918102930,39.928491810293
8,160,1139.547840787089,113.954784078709
8,161,187.904224028467,18.790422402847
8,162,67.801704197903,6.780170419790
8,163,71.314027434182,7.131402743418
8,164,59.974156046682,5.997415604668
8,165,1748.733348350924,174.873334835092
8,166,561.695241550180,56.169524155018
8,167,2333.912758899877,233.391275889988
8,168,148.630036485616,14.863003648562
8,169,41.886495577387,4.188649557739
8,170,184.057263142010,18.405726314201
8,171,51.524441038797,5.152444103880
8,172,543.396660265842,54.339666026584
8,173,56.387892372892,5.638789237289
8,174,408.889933390106,40.888993339011
8,175,185.390401607607,18.539040160761
8,176,537.221871461126,53.722187146113
8,177,686.893629615844,68.689362961584
8,178,776.435346987061,77.643534698706
8,179,414.425937796533,41.442593779653
8,180,387.610790201528,38.761079020153
8,181,351.394154090635,35.139415409063
8,182,634.383417713240,63.438341771324
8,183,286.976482658567,28.697648265857
8,184,567.013159779573,56.701315977957
8,185,324.039317529055,32.403931752905
8,186,485.235417028770,48.523541702877
8,187,67.063062095346,6.706306209535
8,188,61.248751980311,6.124875198031
8,189,111.803582333398,11.180358233340
8,190,200.618320372098,20.061832037210
8,191,279.218529991313,27.921852999131
8,192,139.471408004689,13.947140800469
8,193,39.782852016573,3.978285201657
9,1,80.714208524655,8.071420852466
9,2,97.553520401771,9.755352040177
9,3,447.418360250653,44.741836025065
9,4,103.772717726812,10.377271772681
9,5,117.181979599180,11.718197959918
9,6,99.703241972084,9.970324197208
9,7,672.748258768083,67.274825876808
9,8,1535.660171767175,153.566017176717
9,9,388.781976435528,38.878197643553
9,10,854.138661571075,85.413866157108
9,11,707.467165665018,70.746716566502
9,12,388.195720326714,38.819572032671
9,13,418.406936321783,41.840693632178
9,14,448.710504160907,44.871050416091
9,15,132.737314144918,13.273731414492
9,16,571.837579421922,57.183757942192
9,17,616.617103339698,61.661710333970
9,18,643.773845079636,64.377384507964
9,19,606.070487997471,60.607048799747
9,20,312.986307232796,31.298630723280
9,21,944.731302904925,94.473130290492
9,22,762.893041441458,76.289304144146
9,23,446.438457664510,44.643845766451
9,24,730.382325344421,73.038232534442
9,25,590.640345368270,59.064034536827
9,26,697.125670458074,69.712567045807
9,27,39.709468494226,3.970946849423
9,28,158.046323975809,15.804632397581
9,29,768.612079249835,76.861207924984
9,30,597.197065660524,59.719706566052
9,31,485.693117218367,48.569311721837
9,32,200.252680520907,20.025268052091
9,33,577.464786657242,57.746478665724
9,34,1291.439673141276,129.143967314128
9,35,786.756045541006,78.675604554101
9,36,907.612985632598,90.761298563260
9,37,1112.715745218504,111.271574521850
9,38,450.662577146816,45.066257714682
9,39,869.454993367057,86.945499336706
9,40,1317.945694926403,131.794569492640
9,41,238.136831758735,23.813683175874
9,42,1453.351829671002,145.335182967100
9,43,757.501622451445,75.750162245144
9,44,233.710632888597,23.371063288860
9,45,427.912660371825,42.791266037182
9,46,1346.152015808398,134.615201580840
9,47,3409.595939178845,340.959593917884
9,48,237.834494583475,23.783449458348
9,49,486.592657193267,48.659265719327
9,50,578.643988519263,57.864398851926
9,51,2318.193401003357,231.819340100336
9,52,533.484371169943,53.348437116994
9,53,1107.191836518062,110.719183651806
9,54,475.714513500235,47.571451350024
9,55,1384.722159671476,138.472215967148
9,56,192.387135646665,19.238713564667
9,57,2180.324260822361,218.032426082236
9,58,1632.130577926429,163.213057792643
9,59,148.202468809069,14.820246880907
9,60,215.828257756826,21.582825775683
9,61,1033.266140120027,103.326614012003
9,62,1216.156673959015,121.615667395901
9,63,168.491725867123,16.849172586712
9,64,613.931775825279,61.393177582528
9,65,146.002965859036,14.600296585904
9,66,42.176383463068,4.217638346307
9,67,33.416250688345,3.341625068834
9,68,52.758792746734,5.275879274673
9,69,54.898088897211,5.489808889721
9,70,302.789030333594,30.278903033359
9,71,341.477589590318,34.147758959032
9,72,119.220149177240,11.922014917724
9,73,387.163951276882,38.716395127688
9,74,110.103727679601,11.010372767960
9,75,228.499486783261,22.849948678326
9,76,101.719952560981,10.171995256098
9,77,419.486401667368,41.948640166737
9,78,101.526734780008,10.152673478001
9,79,185.066492715884,18.506649271588
9,80,49.106855056463,4.910685505646
9,81,268.040671625623,26.804067162562
9,82,116.545768353649,11.654576835365
9,83,306.488577441119,30.648857744112
9,84,447.076667115510,44.707666711551
9,85,288.659111315019,28.865911131502
9,86,282.675094085793,28.267509408579
9,87,64.667836704612,6.466783670461
9,88,18.183582886551,1.818358288655
9,89,98.087301897407,9.808730189741
9,90,196.440278243649,19.644027824365
9,91,65.758856890515,6.575885689052
9,92,33.374462130500,3.337446213050
9,93,130.120186251929,13.012018625193
9,94,48.097848173274,4.809784817327
9,95,73.910579539273,7.391057953927
9,96,191.219054232470,19.121905423247
9,97,59.498913549612,5.949891354961
9,98,306.752861833978,30.675286183398
9,99,984.196990331972,98.419699033197
9,100,230.644343157648,23.064434315765
9,101,359.706088660667,35.970608866067
9,102,105.896201990536,10.589620199054
9,103,111.014909373322,11.101490937332
9,104,234.521904308886,23.452190430889
9,105,157.216113042819,15.721611304282
9,106,186.062380945778,18.606238094578
9,107,35.328533321879,3.532853332188
9,108,965.717759914557,96.571775991456
9,109,505.715483528600,50.571548352860
9,110,295.949868042267,29.594986804227
9,111,187.413775992100,18.741377599210
9,112,34.648014042042,3.464801404204
9,113,736.495357144124,73.649535714412
9,114,81.467097593856,8.146709759386
9,115,35.524618093305,3.552461809331
9,116,50.149049526131,5.014904952613
9,117,302.807014182812,30.280701418281
9,118,109.974278716630,10.997427871663
9,119,110.790589089838,11.079058908984
9,120,45.426768732633,4.542676873263
9,121,105.716276619856,10.571627661986
9,122,87.543553545634,8.754355354563
9,123,71.201794830220,7.120179483022
9,124,138.371906052619,13.837190605262
9,125,29.469968644686,2.946996864469
9,126,490.952654647443,49.095265464744
9,127,386.867869353520,38.686786935352
9,128,584.519233868192,58.451923386819
9,129,69.184389213335,6.918438921333
9,130,87.520270107999,8.752027010800
9,131,224.284750178807,22.428475017881
9,132,120.397005319798,12.039700531980
9,133,360.354636653002,36.035463665300
9,134,820.998858265395,82.099885826540
9,135,174.236653468094,17.423665346809
9,136,200.363798120665,20.036379812067
9,137,2384.500548098780,238.450054809878
9,138,51.527463785531,5.152746378553
9,139,54.667600240322,5.466760024032
9,140,63.217400169841,6.321740016984
9,141,65.710813080767,6.571081308077
9,142,89.287031256313,8.928703125631
9,143,128.376708541251,12.837670854125
9,144,59.054530029076,5.905453002908
9,145,183.441082884855,18.344108288485
9,146,53.652251226733,5.365225122673
9,147,72.728336929799,7.272833692980
9,148,393.759593136524,39.375959313652
9,149,1557.754068998950,155.775406899895
9,150,866.264380504555,86.626438050456
9,151,732.129973223032,73.212997322303
9,152,328.118891004159,32.811889100416
9,153,257.116916720805,25.711691672081
9,154,175.988124000649,17.598812400065
9,155,493.140515878657,49.314051587866
9,156,531.273052744096,53.127305274410
9,157,250.104866217189,25.010486621719
9,158,654.308297432046,65.430829743205
9,159,455.077047419640,45.507704741964
9,160,1298.776996743794,129.877699674379
9,161,214.160103704468,21.416010370447
9,162,77.275644427039,7.727564442704
9,163,81.278745008807,8.127874500881
9,164,68.354352037342,6.835435203734
9,165,1993.084068070539,199.308406807054
9,166,640.180984768436,64.018098476844
9,167,2660.030667578048,266.003066757805
9,168,169.398129243418,16.939812924342
9,169,47.739300609393,4.773930060939
9,170,209.775606513676,20.977560651368
9,171,58.723957341757,5.872395734176
9,172,619.325540534756,61.932554053476
9,173,64.266979311894,6.426697931189
9,174,466.024172640588,46.602417264059
9,175,211.295024576366,21.129502457637
9,176,612.287947752538,61.228794775254
9,177,782.873358558354,78.287335855835
9,178,884.926750797110,88.492675079711
9,179,472.333723604216,47.233372360422
9,180,441.771692231645,44.177169223164
9,181,400.494501229483,40.049450122948
9,182,723.025888472203,72.302588847220
9,183,327.075740871005,32.707574087100
9,184,646.241976347454,64.624197634745
9,185,369.317370086550,36.931737008655
9,186,553.037419830534,55.303741983053
9,187,76.433791775231,7.643379177523
9,188,69.807047413077,6.980704741308
9,189,127.425910252151,12.742591025215
9,190,228.650742249391,22.865074224939
9,191,318.233768550565,31.823376855057
9,192,158.959764510494,15.895976451049
9,193,45.341714682465,4.534171468247
10,1,85.101167461029,8.510116746103
10,2,102.855725502011,10.285572550201
10,3,471.736333624574,47.173633362457
10,4,109.412947120184,10.941294712018
10,5,123.551025916814,12.355102591681
10,6,105.122288213754,10.512228821375
10,7,709.313307718932,70.931330771893
10,8,1619.125998130453,161.912599813045
10,9,409.912959406192,40.991295940619
10,10,900.562597365942,90.056259736594
10,11,745.919248158741,74.591924815874
10,12,409.294839248623,40.929483924862
10,13,441.148087872284,44.114808787228
10,14,473.098707824856,47.309870782486
10,15,139.951820204288,13.995182020429
10,16,602.917955790024,60.291795579002
10,17,650.131325448326,65.013132544833
10,18,678.764083778607,67.876408377861
10,19,639.011483046454,63.901148304645
10,20,329.997662514292,32.999766251429
10,21,996.079107802068,99.607910780207
10,22,804.357617590118,80.435761759012
10,23,470.703171612542,47.070317161254
10,24,770.079886996914,77.007988699691
10,25,622.742685075970,62.274268507597
10,26,735.015674531619,73.501567453162
10,27,41.867747821419,4.186774782142
10,28,166.636419152360,16.663641915236
10,29,810.387495143808,81.038749514381
10,30,629.655774627182,62.965577462718
10,31,512.091390829212,51.209139082921
10,32,211.136765273789,21.113676527379
10,33,608.851011617791,60.885101161779
10,34,1361.631686647112,136.163168664711
10,35,829.517617856720,82.951761785672
10,36,956.943344820523,95.694334482052
10,37,1173.193799471365,117.319379947137
10,38,475.156879404637,47.515687940464
10,39,916.711398684614,91.671139868461
10,40,1389.578357250626,138.957835725063
10,41,251.079986641370,25.107998664137
10,42,1532.344053139608,153.234405313961
10,43,798.673165512743,79.867316551274
10,44,246.413216091940,24.641321609194
10,45,451.170464712835,45.117046471283
10,46,1419.317741191992,141.931774119199
10,47,3594.913464410322,359.491346441032
10,48,250.761216909847,25.076121690985
10,49,513.039822380993,51.303982238099
10,50,610.094305171239,61.009430517124
10,51,2444.191282202543,244.419128220254
10,52,562.480183336090,56.248018333609
10,53,1167.369656635198,116.736965663520
10,54,501.570432480415,50.157043248042
10,55,1459.984240088344,145.998424008834
10,56,202.843714226765,20.284371422676
10,57,2298.828712207608,229.882871220761
10,58,1720.839740229336,172.083974022934
10,59,156.257533175290,15.625753317529
10,60,227.558902477194,22.755890247719
10,61,1089.425968852882,108.942596885288
10,62,1282.256924291348,128.225692429135
10,63,177.649546974569,17.764954697457
10,64,647.300045669097,64.730004566910
10,65,153.938483378443,15.393848337844
10,66,44.468743949769,4.446874394977
10,67,35.232482579321,3.523248257932
10,68,55.626325756637,5.562632575664
10,69,57.881896408671,5.788189640867
10,70,319.246145713129,31.924614571313
10,71,360.037496087664,36.003749608766
10,72,125.699973589682,12.569997358968
10,73,408.206991739545,40.820699173955
10,74,116.088058578721,11.608805857872
10,75,240.918835047012,24.091883504701
10,76,107.248610563724,10.724861056372
10,77,442.286224054527,44.228622405453
10,78,107.044891057140,10.704489105714
10,79,195.125181500466,19.512518150047
10,80,51.775898841503,5.177589884150
10,81,282.609152704648,28.260915270465
10,82,122.880235473146,12.288023547315
10,83,323.146769700928,32.314676970093
10,84,471.376068867653,47.137606886765
10,85,304.348240789199,30.434824078920
10,86,298.038981717936,29.803898171794
10,87,68.182647161319,6.818264716132
10,88,19.171892539803,1.917189253980
10,89,103.418518959050,10.341851895905
10,90,207.117152239652,20.711715223965
10,91,69.332966209737,6.933296620974
10,92,35.188422739992,3.518842273999
10,93,137.192446815647,13.719244681565
10,94,50.712050662786,5.071205066279
10,95,77.927749295740,7.792774929574
10,96,201.612145537007,20.161214553701
10,97,62.732783958207,6.273278395821
10,98,323.425418414520,32.342541841452
10,99,1037.689824627321,103.768982462732
10,100,243.180268130890,24.318026813089
10,101,379.256746084708,37.925674608471
10,102,111.651846481661,11.165184648166
10,103,117.048764597181,11.704876459718
10,104,247.268581538201,24.726858153820
10,105,165.761084797631,16.576108479763
10,106,196.175198004052,19.617519800405
10,107,37.248701131218,3.724870113122
10,108,1018.206215594309,101.820621559431
10,109,533.202007899968,53.320200789997
10,110,312.035262944334,31.203526294433
10,111,197.600043743670,19.760004374367
10,112,36.531194433794,3.653119443379
10,113,776.525172807060,77.652517280706
10,114,85.894977372925,8.589497737292
10,115,37.455443454222,3.745544345422
10,116,52.874738410290,5.287473841029
10,117,319.265107016125,31.926510701612
10,118,115.951573837350,11.595157383735
10,119,116.812252112468,11.681225211247
10,120,47.895793365158,4.789579336516
10,121,111.462141851205,11.146214185120
10,122,92.301699373598,9.230169937360
10,123,75.071737382168,7.507173738217
10,124,145.892662074346,14.589266207435
10,125,31.071713178438,3.107171317844
10,126,517.636793351280,51.763679335128
10,127,407.894817243843,40.789481724384
10,128,616.288880419548,61.628888041955
10,129,72.944682228217,7.294468222822
10,130,92.277150440250,9.227715044025
10,131,236.475020108653,23.647502010865
10,132,126.940793929695,12.694079392969
10,133,379.940543799028,37.994054379903
10,134,865.621587569869,86.562158756987
10,135,183.706721476534,18.370672147653
10,136,211.253922310174,21.125392231017
10,137,2514.102339152411,251.410233915241
10,138,54.328071904652,5.432807190465
10,139,57.638880288632,5.763888028863
10,140,66.653376854476,6.665337685448
10,141,69.282311134583,6.928231113458
10,142,94.139938158727,9.413993815873
10,143,135.354208030519,13.535420803052
10,144,62.264247413164,6.226424741316
10,145,193.411427791528,19.341142779153
10,146,56.568345273593,5.656834527359
10,147,76.681249724878,7.668124972488
10,148,415.161118313665,41.516111831367
10,149,1642.420737465147,164.242073746515
10,150,913.347370411549,91.334737041155
10,151,771.922522605924,77.192252260592
10,152,345.952728780618,34.595272878062
10,153,271.091672542847,27.109167254285
10,154,185.553387507440,18.555338750744
10,155,519.943568681452,51.994356868145
10,156,560.148675871574,56.014867587157
10,157,263.698504783899,26.369850478390
10,158,689.871102110811,68.987110211081
10,159,479.811283886899,47.981128388690
10,160,1369.367806668941,136.936780666894
10,161,225.800081323455,22.580008132345
10,162,81.475711367914,8.147571136791
10,163,85.696387494204,8.569638749420
10,164,72.069531074483,7.206953107448
10,165,2101.411686258069,210.141168625807
10,166,674.975945201814,67.497594520181
10,167,2804.608004350133,280.460800435013
10,168,178.605214965661,17.860521496566
10,169,50.334015409337,5.033401540934
10,170,221.177279012855,22.117727901285
10,171,61.915707519930,6.191570751993
10,172,652.986970959907,65.298697095991
10,173,67.760002465556,6.776000246556
10,174,491.353404582541,49.135340458254
10,175,222.779280114765,22.277928011477
10,176,645.566872654673,64.556687265467
10,177,825.423900020058,82.542390002006
10,178,933.024073293437,93.302407329344
10,179,498.005890718183,49.800589071818
10,180,465.782759285357,46.578275928536
10,181,422.262080485382,42.226208048538
10,182,762.323614865621,76.232361486562
10,183,344.852881606357,34.485288160636
10,184,681.366362313919,68.136636231392
10,185,389.390417529796,38.939041752980
10,186,583.095974519004,58.309597451900
10,187,80.588102546512,8.058810254651
10,188,73.601182994264,7.360118299426
10,189,134.351732185169,13.435173218517
10,190,241.078311513273,24.107831151327
10,191,335.530332567203,33.553033256720
10,192,167.599506783755,16.759950678376
10,193,47.806116478043,4.780611647804
11,1,86.660448230349,8.666044823035
11,2,104.740317212967,10.474031721297
11,3,480.379803686807,48.037980368681
11,4,111.417684651397,11.141768465140
11,5,125.814810827052,12.581481082705
11,6,107.048409409608,10.704840940961
11,7,722.309822727444,72.230982272744
11,8,1648.792712551822,164.879271255182
11,9,417.423660067144,41.742366006714
11,10,917.063310358921,91.706331035892
11,11,759.586481803362,75.958648180336
11,12,416.794214296735,41.679421429674
11,13,449.231099543735,44.923109954374
11,14,481.767140222560,48.176714022256
11,15,142.516111487083,14.251611148708
11,16,613.965023673926,61.396502367393
11,17,662.043468413562,66.204346841356
11,18,691.200855380195,69.120085538019
11,19,650.719880787830,65.071988078783
11,20,336.044101410855,33.604410141085
11,21,1014.329938476380,101.432993847638
11,22,819.095598303944,81.909559830394
11,23,479.327711386214,47.932771138621
11,24,784.189808099753,78.418980809975
11,25,634.152994969997,63.415299497000
11,26,748.483125574179,74.848312557418
11,27,42.634876827757,4.263487682776
11,28,169.689643586345,16.968964358635
11,29,825.235959325620,82.523595932562
11,30,641.192750792842,64.119275079284
11,31,521.474273363933,52.147427336393
11,32,215.005354948997,21.500535494900
11,33,620.006788936964,62.000678893696
11,34,1386.580417284190,138.658041728419
11,35,844.716597000323,84.471659700032
11,36,974.477103750341,97.447710375034
11,37,1194.689844529023,119.468984452902
11,38,483.863023004903,48.386302300490
11,39,933.508000865663,93.350800086566
11,40,1415.039145563747,141.503914556375
11,41,255.680442856150,25.568044285615
11,42,1560.420690456449,156.042069045645
11,43,813.306991876248,81.330699187625
11,44,250.928164601131,25.092816460113
11,45,459.437113106750,45.943711310675
11,46,1445.323434479447,144.532343447945
11,47,3660.781884311762,366.078188431176
11,48,255.355832411426,25.535583241143
11,49,522.440082715853,52.244008271585
11,50,621.272862950260,62.127286295026
11,51,2488.975397116410,248.897539711641
11,52,572.786323183129,57.278632318313
11,53,1188.758987834595,118.875898783460
11,54,510.760542947284,51.076054294728
11,55,1486.735052292220,148.673505229222
11,56,206.560353048625,20.656035304863
11,57,2340.949396445556,234.094939644556
11,58,1752.370122174455,175.237012217446
11,59,159.120588686876,15.912058868688
11,60,231.728389584205,23.172838958420
11,61,1109.387163434712,110.938716343471
11,62,1305.751297200990,130.575129720099
11,63,180.904561336185,18.090456133618
11,64,659.160312023894,65.916031202389
11,65,156.759047701491,15.675904770149
11,66,45.283530154770,4.528353015477
11,67,35.878035797690,3.587803579769
11,68,56.645548672233,5.664554867223
11,69,58.942447405262,5.894244740526
11,70,325.095588094963,32.509558809496
11,71,366.634344998589,36.663434499859
11,72,128.003132963051,12.800313296305
11,73,415.686434514676,41.568643451468
11,74,118.215101987057,11.821510198706
11,75,245.333111815047,24.533311181505
11,76,109.213691666342,10.921369166634
11,77,450.390089421819,45.039008942182
11,78,109.006239474080,10.900623947408
11,79,198.700396179668,19.870039617967
11,80,52.724571648075,5.272457164808
11,81,287.787307484347,28.778730748435
11,82,125.131729710174,12.513172971017
11,83,329.067681936278,32.906768193628
11,84,480.012937916950,48.001293791695
11,85,309.924713747181,30.992471374718
11,86,303.499852192051,30.349985219205
11,87,69.431935434229,6.943193543423
11,88,19.523172836427,1.952317283643
11,89,105.313422549865,10.531342254986
11,90,210.912091864089,21.091209186409
11,91,70.603331401146,7.060333140115
11,92,35.833168664381,3.583316866438
11,93,139.706179005204,13.970617900520
11,94,51.641230928233,5.164123092823
11,95,79.355593877647,7.935559387765
11,96,205.306218729848,20.530621872985
11,97,63.882216175770,6.388221617577
11,98,329.351436238824,32.935143623882
11,99,1056.703074813363,105.670307481336
11,100,247.635980395335,24.763598039534
11,101,386.205743007409,38.620574300741
11,102,113.697606631282,11.369760663128
11,103,119.193410706679,11.919341070668
11,104,251.799202627814,25.179920262781
11,105,168.798270767436,16.879827076744
11,106,199.769651791134,19.976965179113
11,107,37.931196860582,3.793119686058
11,108,1036.862474004698,103.686247400470
11,109,542.971693344790,54.297169334479
11,110,317.752582687118,31.775258268712
11,111,201.220604511740,20.122060451174
11,112,37.200543523358,3.720054352336
11,113,790.753188767072,79.075318876707
11,114,87.468802860808,8.746880286081
11,115,38.141727255338,3.814172725534
11,116,53.843544893747,5.384354489375
11,117,325.114896819692,32.511489681969
11,118,118.076116480550,11.807611648055
11,119,118.952564681311,11.895256468131
11,120,48.773372272167,4.877337227217
11,121,113.504426105125,11.350442610512
11,122,93.992913126626,9.399291312663
11,123,76.447252194854,7.644725219485
11,124,148.565805453509,14.856580545351
11,125,31.641029984241,3.164102998424
11,126,527.121282476942,52.712128247694
11,127,415.368540148114,41.536854014811
11,128,627.580939368378,62.758093936838
11,129,74.281223707213,7.428122370721
11,130,93.967914391227,9.396791439123
11,131,240.807874313608,24.080787431361
11,132,129.266688447034,12.926668844703
11,133,386.902069722890,38.690206972289
11,134,881.482087904654,88.148208790465
11,135,187.072719459164,18.707271945916
11,136,215.124658615320,21.512465861532
11,137,2560.167411424643,256.016741142464
11,138,55.323507340881,5.532350734088
11,139,58.694978580590,5.869497858059
11,140,67.874644809313,6.787464480931
11,141,70.551748189671,7.055174818967
11,142,95.864833357881,9.586483335788
11,143,137.834258773950,13.783425877395
11,144,63.405094789341,6.340509478934
11,145,196.955241923810,19.695524192381
11,146,57.604828503718,5.760482850372
11,147,78.086255104131,7.808625510413
11,148,422.767979268334,42.276797926833
11,149,1672.514273752239,167.251427375224
11,150,930.082334606302,93.008233460630
11,151,786.066205716451,78.606620571645
11,152,352.291507121450,35.229150712145
11,153,276.058796312477,27.605879631248
11,154,188.953221345855,18.895322134585
11,155,529.470324094627,52.947032409463
11,156,570.412096272320,57.041209627232
11,157,268.530165966413,26.853016596641
11,158,702.511383965039,70.251138396504
11,159,488.602708613361,48.860270861336
11,160,1394.458283694925,139.445828369492
11,161,229.937342127542,22.993734212754
11,162,82.968564094768,8.296856409477
11,163,87.266574284898,8.726657428490
11,164,73.390037446031,7.339003744603
11,165,2139.915163102940,213.991516310294
11,166,687.343307983165,68.734330798317
11,167,2855.995916609594,285.599591660959
11,168,181.877739718319,18.187773971832
11,169,51.256269058870,5.125626905887
11,170,225.229837726968,22.522983772697
11,171,63.050168714001,6.305016871400
11,172,664.951436980902,66.495143698090
11,173,69.001546758377,6.900154675838
11,174,500.356311799488,50.035631179949
11,175,226.861191769445,22.686119176944
11,176,657.395382648989,65.739538264899
11,177,840.547871314907,84.054787131491
11,178,950.119567259082,95.011956725908
11,179,507.130689255885,50.713068925588
11,180,474.317143958367,47.431714395837
11,181,429.999050040066,42.999905004007
11,182,776.291420339066,77.629142033907
11,183,351.171507808280,35.117150780828
11,184,693.850814611290,69.385081461129
11,185,396.525090389482,39.652509038948
11,186,593.779850743758,59.377985074376
11,187,82.064691908160,8.206469190816
11,188,74.949753321395,7.494975332139
11,189,136.813414892603,13.681341489260
11,190,245.495510316274,24.549551031627
11,191,341.678144761852,34.167814476185
11,192,170.670377556417,17.067037755642
11,193,48.682052264872,4.868205226487
12,1,86.220019802523,8.622001980252
12,2,104.208002712154,10.420800271215
12,3,477.938402493790,47.793840249379
12,4,110.851434225914,11.085143422591
12,5,125.175390878721,12.517539087872
12,6,106.504364650779,10.650436465078
12,7,718.638877260128,71.863887726013
12,8,1640.413166899470,164.041316689947
12,9,415.302216547121,41.530221654712
12,10,912.402582653886,91.240258265389
12,11,755.726087738828,75.572608773883
12,12,414.675969765602,41.467596976560
12,13,446.948003264606,44.694800326461
12,14,479.318688264612,47.931868826461
12,15,141.791811668609,14.179181166861
12,16,610.844711517245,61.084471151725
12,17,658.678810488294,65.867881048829
12,18,687.688012875185,68.768801287518
12,19,647.412771952108,64.741277195211
12,20,334.336247617264,33.433624761726
12,21,1009.174879285917,100.917487928592
12,22,814.932765154951,81.493276515495
12,23,476.891657169440,47.689165716944
12,24,780.204374244389,78.020437424439
12,25,630.930082877123,63.093008287712
12,26,744.679161332333,74.467916133233
12,27,42.418196529475,4.241819652948
12,28,168.827241597096,16.882724159710
12,29,821.041919442687,82.104191944269
12,30,637.934061033770,63.793406103377
12,31,518.824020577810,51.882402057781
12,32,213.912648040736,21.391264804074
12,33,616.855771132777,61.685577113278
12,34,1379.533495121788,137.953349512179
12,35,840.423552014147,84.042355201415
12,36,969.524585877182,96.952458587718
12,37,1188.618154609228,118.861815460923
12,38,481.403919286231,48.140391928623
12,39,928.763697442594,92.876369744259
12,40,1407.847589566531,140.784758956653
12,41,254.381015749870,25.438101574987
12,42,1552.490271845903,155.249027184590
12,43,809.173577763047,80.917357776305
12,44,249.652889671342,24.965288967134
12,45,457.102147507767,45.710214750777
12,46,1437.977966726324,143.797796672632
12,47,3642.176944655391,364.217694465539
12,48,254.058055050453,25.405805505045
12,49,519.784921463376,51.978492146338
12,50,618.115410665309,61.811541066531
12,51,2476.325848868808,247.632584886881
12,52,569.875290700018,56.987529070002
12,53,1182.717439899327,118.271743989933
12,54,508.164739815415,50.816473981541
12,55,1479.179121125862,147.917912112586
12,56,205.510565591924,20.551056559192
12,57,2329.052150546767,232.905215054677
12,58,1743.464172186447,174.346417218645
12,59,158.311901077463,15.831190107746
12,60,230.550692348716,23.055069234872
12,61,1103.749001456335,110.374900145634
12,62,1299.115167308968,129.911516730897
12,63,179.985162542816,17.998516254282
12,64,655.810306965785,65.581030696578
12,65,155.962361989191,15.596236198919
12,66,45.053388788094,4.505338878809
12,67,35.695695327238,3.569569532724
12,68,56.357662901337,5.635766290134
12,69,58.642888264119,5.864288826412
12,70,323.443377176585,32.344337717659
12,71,364.771024516731,36.477102451673
12,72,127.352591455836,12.735259145584
12,73,413.573819976438,41.357381997644
12,74,117.614305515580,11.761430551558
12,75,244.086272236708,24.408627223671
12,76,108.658642442619,10.865864244262
12,77,448.101102888250,44.810110288825
12,78,108.452244570348,10.845224457035
12,79,197.690554840455,19.769055484045
12,80,52.456613188675,5.245661318868
12,81,286.324705871133,28.632470587113
12,82,124.495781337961,12.449578133796
12,83,327.395283918925,32.739528391892
12,84,477.573401220569,47.757340122057
12,85,308.349604718698,30.834960471870
12,86,301.957395794976,30.195739579498
12,87,69.079066290477,6.907906629048
12,88,19.423951559661,1.942395155966
12,89,104.778195395266,10.477819539527
12,90,209.840187864906,20.984018786491
12,91,70.244508952345,7.024450895234
12,92,35.651056219071,3.565105621907
12,93,138.996159913065,13.899615991307
12,94,51.378778256765,5.137877825676
12,95,78.952290408021,7.895229040802
12,96,204.262805073624,20.426280507362
12,97,63.557551988002,6.355755198800
12,98,327.677596116521,32.767759611652
12,99,1051.332665550289,105.133266555029
12,100,246.377437106606,24.637743710661
12,101,384.242956157312,38.424295615731
12,102,113.119769115337,11.311976911534
12,103,118.587642244172,11.858764224417
12,104,250.519500881450,25.051950088145
12,105,167.940398940877,16.794039894088
12,106,198.754376247765,19.875437624776
12,107,37.738421751061,3.773842175106
12,108,1031.592899260710,103.159289926071
12,109,540.212185701604,54.021218570160
12,110,316.137690619420,31.613769061942
12,111,200.197954891285,20.019795489129
12,112,37.011481762972,3.701148176297
12,113,786.734398294156,78.673439829416
12,114,87.024266187915,8.702426618792
12,115,37.947882181689,3.794788218169
12,116,53.569899553683,5.356989955368
12,117,323.462587769912,32.346258776991
12,118,117.476026365540,11.747602636554
12,119,118.348020253971,11.834802025397
12,120,48.525494721240,4.852549472124
12,121,112.927570377263,11.292757037726
12,122,93.515219417437,9.351521941744
12,123,76.058729589867,7.605872958987
12,124,147.810759692027,14.781075969203
12,125,31.480222956637,3.148022295664
12,126,524.442330285308,52.444233028531
12,127,413.257541222522,41.325754122252
12,128,624.391427981077,62.439142798108
12,129,73.903709359637,7.390370935964
12,130,93.490347731390,9.349034773139
12,131,239.584033038173,23.958403303817
12,132,128.609725258803,12.860972525880
12,133,384.935743979483,38.493574397948
12,134,877.002192196057,87.700219219606
12,135,186.121972660561,18.612197266056
12,136,214.031345378253,21.403134537825
12,137,2547.156048905645,254.715604890565
12,138,55.042340489596,5.504234048960
12,139,58.396677133212,5.839667713321
12,140,67.529690176456,6.752969017646
12,141,70.193187898672,7.019318789867
12,142,95.377626117418,9.537762611742
12,143,137.133753213086,13.713375321309
12,144,63.082855442736,6.308285544274
12,145,195.954269861885,19.595426986188
12,146,57.312067450998,5.731206745100
12,147,77.689402707535,7.768940270754
12,148,420.619374682892,42.061937468289
12,149,1664.014169643078,166.401416964308
12,150,925.355441210942,92.535544121094
12,151,782.071235574706,78.207123557471
12,152,350.501080256759,35.050108025676
12,153,274.655801703861,27.465580170386
12,154,187.992917402021,18.799291740202
12,155,526.779433530554,52.677943353055
12,156,567.513130159126,56.751313015913
12,157,267.165433597317,26.716543359732
12,158,698.941058739546,69.894105873955
12,159,486.119516716939,48.611951671694
12,160,1387.371324394603,138.737132439460
12,161,228.768747409195,22.876874740920
12,162,82.546898675429,8.254689867543
12,163,86.823065384368,8.682306538437
12,164,73.017052313015,7.301705231301
12,165,2129.039619643249,212.903961964325
12,166,683.850070425626,68.385007042563
12,167,2841.481085252097,284.148108525210
12,168,180.953395007480,18.095339500748
12,169,50.995772852598,5.099577285260
12,170,224.085167634034,22.408516763403
12,171,62.729733183745,6.272973318375
12,172,661.572000087253,66.157200008725
12,173,68.650864949351,6.865086494935
12,174,497.813385375053,49.781338537505
12,175,225.708230758210,22.570823075821
12,176,654.054347369893,65.405434736989
12,177,836.276012756186,83.627601275619
12,178,945.290840016154,94.529084001615
12,179,504.553333879446,50.455333387945
12,180,471.906554603359,47.190655460336
12,181,427.813695481637,42.781369548164
12,182,772.346127915865,77.234612791587
12,183,349.386773038965,34.938677303897
12,184,690.324504400980,69.032450440098
12,185,394.509858230869,39.450985823087
12,186,590.762124301327,59.076212430133
12,187,81.647620176186,8.164762017619
12,188,74.568841351802,7.456884135180
12,189,136.118097496293,13.611809749629
12,190,244.247845391215,24.424784539122
12,191,339.941657457749,33.994165745775
12,192,169.802991250455,16.980299125045
12,193,48.434638823329,4.843463882333
13,1,82.792337690316,8.279233769032
13,2,100.065207249297,10.006520724930
13,3,458.937932339443,45.893793233944
13,4,106.444528740634,10.644452874063
13,5,120.199035628673,12.019903562867
13,6,102.270277179892,10.227027717989
13,7,690.069345144925,69.006934514493
13,8,1575.198442039865,157.519844203986
13,9,398.791851760854,39.879185176085
13,10,876.129962688619,87.612996268862
13,11,725.682151323550,72.568215132355
13,12,398.190501458086,39.819050145809
13,13,429.179558309642,42.917955830964
13,14,460.263344765800,46.026334476580
13,15,136.154869603098,13.615486960310
13,16,586.560542993509,58.656054299351
13,17,632.492994461203,63.249299446120
13,18,660.348934249238,66.034893424924
13,19,621.674837969749,62.167483796975
13,20,321.044689832365,32.104468983237
13,21,969.055070803613,96.905507080361
13,22,782.535063691053,78.253506369105
13,23,457.932800438896,45.793280043890
13,24,749.187302065691,74.918730206569
13,25,605.847419197795,60.584741919780
13,26,715.074396145792,71.507439614579
13,27,40.731858555891,4.073185855589
13,28,162.115504376424,16.211550437642
13,29,788.401348179863,78.840134817986
13,30,612.572953778382,61.257295377838
13,31,498.198140198852,49.819814019885
13,32,205.408537754708,20.540853775471
13,33,592.332632569754,59.233263256975
13,34,1324.690057423088,132.469005742309
13,35,807.012462773912,80.701246277391
13,36,930.981077212161,93.098107721216
13,37,1141.364567842131,114.136456784213
13,38,462.265677301789,46.226567730179
13,39,891.840640367413,89.184064036741
13,40,1351.878523327339,135.187852332734
13,41,244.268083053170,24.426808305317
13,42,1490.770927007305,149.077092700731
13,43,777.004833142922,77.700483314292
13,44,239.727923913419,23.972792391342
13,45,438.930023933072,43.893002393307
13,46,1380.811065517233,138.081106551723
13,47,3497.381979503630,349.738197950363
13,48,243.957961675931,24.395796167593
13,49,499.120840411480,49.912084041148
13,50,593.542195056335,59.354219505634
13,51,2377.879364680959,237.787936468096
13,52,547.219863983630,54.721986398363
13,53,1135.698436403108,113.569843640311
13,54,487.962619789121,48.796261978912
13,55,1420.374265526817,142.037426552682
13,56,197.340480602817,19.734048060282
13,57,2236.460541160540,223.646054116054
13,58,1674.152648366738,167.415264836674
13,59,152.018201856380,15.201820185638
13,60,221.385135602954,22.138513560295
13,61,1059.869393015927,105.986939301593
13,62,1247.468765105842,124.746876510584
13,63,172.829841498773,17.282984149877
13,64,629.738528470064,62.973852847006
13,65,149.762068836947,14.976206883695
13,66,43.262288586575,4.326228858657
13,67,34.276610796334,3.427661079633
13,68,54.117160597403,5.411716059740
13,69,56.311536687404,5.631153668740
13,70,310.584866116167,31.058486611617
13,71,350.269530331838,35.026953033184
13,72,122.289681464904,12.228968146490
13,73,397.132167700580,39.713216770058
13,74,112.938541672346,11.293854167235
13,75,234.382607692238,23.438260769224
13,76,104.338911527568,10.433891152757
13,77,430.286816387871,43.028681638787
13,78,104.140719015216,10.414071901522
13,79,189.831354852668,18.983135485267
13,80,50.371197352473,5.037119735247
13,81,274.941849837866,27.494184983787
13,82,119.546444006389,11.954644400639
13,83,314.379664566478,31.437966456648
13,84,458.587441713958,45.858744171396
13,85,296.091147497030,29.609114749703
13,86,289.953061226440,28.995306122644
13,87,66.332823823887,6.633282382389
13,88,18.651751188310,1.865175118831
13,89,100.612731887738,10.061273188774
13,90,201.497978479960,20.149797847996
13,91,67.451934242107,6.745193424211
13,92,34.233746318617,3.423374631862
13,93,133.470359152514,13.347035915251
13,94,49.336211813598,4.933621181360
13,95,75.813537318317,7.581353731832
13,96,196.142324879537,19.614232487954
13,97,61.030817657113,6.103081765711
13,98,314.650753425551,31.465075342555
13,99,1009.536871720270,100.953687172027
13,100,236.582687163888,23.658268716389
13,101,368.967354150043,36.896735415004
13,102,108.622685839065,10.862268583907
13,103,113.873183340309,11.387318334031
13,104,240.560082942352,24.056008294235
13,105,161.263918203745,16.126391820375
13,106,190.852883975461,19.085288397546
13,107,36.238128507387,3.623812850739
13,108,990.581861035770,99.058186103577
13,109,518.736017522020,51.873601752202
13,110,303.569617570808,30.356961757081
13,111,192.239073062528,19.223907306253
13,112,35.540088062579,3.554008806258
13,113,755.457724613638,75.545772461364
13,114,83.564611211919,8.356461121192
13,115,36.439261825903,3.643926182590
13,116,51.440224950575,5.144022495057
13,117,310.603312991192,31.060331299119
13,118,112.805759818297,11.280575981830
13,119,113.643087536850,11.364308753685
13,120,46.596360737938,4.659636073794
13,121,108.438127973471,10.843812797347
13,122,89.797516202447,8.979751620245
13,123,73.035010185840,7.303501018584
13,124,141.934533983094,14.193453398309
13,125,30.228724785285,3.022872478529
13,126,503.593093663458,50.359309366346
13,127,396.828462627693,39.682846262769
13,128,599.568708923386,59.956870892339
13,129,70.965662915458,7.096566291546
13,130,89.773633291786,8.977363329179
13,131,230.059355285879,23.005935528588
13,132,123.496837837353,12.349683783735
13,133,369.632600150360,36.963260015036
13,134,842.136916898714,84.213691689871
13,135,178.722682358395,17.872268235839
13,136,205.522516272378,20.552251627238
13,137,2445.893705823000,244.589370582300
13,138,52.854128907849,5.285412890785
13,139,56.075113694926,5.607511369493
13,140,64.845043251171,6.484504325117
13,141,67.402653460033,6.740265346003
13,142,91.585882811209,9.158588281121
13,143,131.681992543754,13.168199254375
13,144,60.574992701771,6.057499270177
13,145,188.164095988640,18.816409598864
13,146,55.033622736356,5.503362273636
13,147,74.600855794897,7.460085579490
13,148,403.897625952718,40.389762595272
13,149,1597.861185489172,159.786118548917
13,150,888.567879568791,88.856787956879
13,151,750.979946210688,75.097994621069
13,152,336.566888570684,33.656688857068
13,153,263.736843662903,26.373684366290
13,154,180.519247578279,18.051924757828
13,155,505.837285227560,50.583728522756
13,156,544.951611278189,54.495161127819
13,157,256.544255594352,25.654425559435
13,158,671.154614593323,67.115461459332
13,159,466.793805870873,46.679380587087
13,160,1332.216293318188,133.221629331819
13,161,219.674031992489,21.967403199249
13,162,79.265241716221,7.926524171622
13,163,83.371409158511,8.337140915851
13,164,70.114254973456,7.011425497346
13,165,2044.399520543909,204.439952054391
13,166,656.663569434341,65.666356943434
13,167,2728.517832513317,272.851783251332
13,168,173.759581823129,17.375958182313
13,169,48.968432812484,4.896843281248
13,170,215.176648215116,21.517664821512
13,171,60.235908839585,6.023590883959
13,172,635.271165132328,63.527116513233
13,173,65.921645653028,6.592164565303
13,174,478.022784071830,47.802278407183
13,175,216.735186366433,21.673518636643
13,176,628.052377154319,62.805237715432
13,177,803.029809190494,80.302980919049
13,178,907.710745386411,90.771074538641
13,179,484.494785514990,48.449478551499
13,180,453.145880927428,45.314588092743
13,181,410.805936092130,41.080593609213
13,182,741.641460796169,74.164146079617
13,183,335.496880703861,33.549688070386
13,184,662.880611894652,66.288061189465
13,185,378.826094909488,37.882609490949
13,186,567.276340249371,56.727634024937
13,187,78.401714088212,7.840171408821
13,188,71.604352544967,7.160435254497
13,189,130.706714281532,13.070671428153
13,190,234.537757496197,23.453775749620
13,191,326.427256264953,32.642725626495
13,192,163.052463043182,16.305246304318
13,193,46.509116821754,4.650911682175
14,1,84.457394231122,8.445739423112
14,2,102.077642608481,10.207764260848
14,3,468.167743060869,46.816774306087
14,4,108.585260162853,10.858526016285
14,5,122.616387234575,12.261638723458
14,6,104.327059228799,10.432705922880
14,7,703.947495089687,70.394749508969
14,8,1606.877635334262,160.687763533426
14,9,406.812050244420,40.681205024442
14,10,893.750022293988,89.375002229399
14,11,740.276518946402,74.027651894640
14,12,406.198606041626,40.619860604163
14,13,437.810891240679,43.781089124068
14,14,469.519811174108,46.951981117411
14,15,138.893112809169,13.889311280917
14,16,598.357002616904,59.835700261690
14,17,645.213212621743,64.521321262174
14,18,673.629369889296,67.362936988930
14,19,634.177489592997,63.417748959300
14,20,327.501296513724,32.750129651372
14,21,988.543969523668,98.854396952367
14,22,798.272813856809,79.827281385681
14,23,467.142396711833,46.714239671183
14,24,764.254387407086,76.425438740709
14,25,618.031761809781,61.803176180978
14,26,729.455428662584,72.945542866258
14,27,41.551026722895,4.155102672289
14,28,165.375848128738,16.537584812874
14,29,804.257076598570,80.425707659857
14,30,624.892555227793,62.489255522779
14,31,508.217522367508,50.821752236751
14,32,209.539558074550,20.953955807455
14,33,604.245176069642,60.424517606964
14,34,1351.331216571219,135.133121657122
14,35,823.242483777549,82.324248377755
14,36,949.704260724353,94.970426072435
14,37,1164.318824143466,116.431882414347
14,38,471.562413099499,47.156241309950
14,39,909.776661175947,90.977666117595
14,40,1379.066476227782,137.906647622778
14,41,249.180616999479,24.918061699948
14,42,1520.752178317568,152.075217831757
14,43,792.631363517051,79.263136351705
14,44,244.549149631421,24.454914963142
14,45,447.757450814527,44.775745081453
14,46,1408.580887706060,140.858088770606
14,47,3567.718666486101,356.771866648610
14,48,248.864258696915,24.886425869691
14,49,509.158779225197,50.915877922520
14,50,605.479064357209,60.547906435721
14,51,2425.701466337520,242.570146633752
14,52,558.225133785206,55.822513378521
14,53,1158.538739777435,115.853873977743
14,54,497.776152954328,49.777615295433
14,55,1448.939752710604,144.893975271060
14,56,201.309242292125,20.130924229212
14,57,2281.438534972524,228.143853497252
14,58,1707.821933414567,170.782193341457
14,59,155.075476338343,15.507547633834
14,60,225.837465110206,22.583746511021
14,61,1081.184680329624,108.118468032962
14,62,1272.556908341519,127.255690834152
14,63,176.305663852171,17.630566385217
14,64,642.403350905070,64.240335090507
14,65,152.773969687173,15.277396968717
14,66,44.132346838231,4.413234683823
14,67,34.965955928930,3.496595592893
14,68,55.205523780958,5.520552378096
14,69,57.444031494290,5.744403149429
14,70,316.831112776535,31.683111277654
14,71,357.313884782920,35.731388478292
14,72,124.749078550151,12.474907855015
14,73,405.118987880339,40.511898788034
14,74,115.209875744638,11.520987574464
14,75,239.096332474947,23.909633247495
14,76,106.437296377497,10.643729637750
14,77,438.940417651423,43.894041765142
14,78,106.235117968041,10.623511796804
14,79,193.649098714784,19.364909871478
14,80,51.384224571655,5.138422457165
14,81,280.471271257590,28.047127125759
14,82,121.950671185812,12.195067118581
14,83,320.702229327736,32.070222932774
14,84,467.810203634435,46.781020363444
14,85,302.045907509471,30.204590750947
14,86,295.784376715172,29.578437671517
14,87,67.666859137532,6.766685913753
14,88,19.026861025523,1.902686102552
14,89,102.636178646117,10.263617864612
14,90,205.550352605236,20.555035260524
14,91,68.808476253518,6.880847625352
14,92,34.922229393432,3.492222939343
14,93,136.154613525689,13.615461352569
14,94,50.328424190620,5.032842419062
14,95,77.338241532683,7.733824153268
14,96,200.086990172009,20.008699017201
14,97,62.258223054348,6.225822305435
14,98,320.978770119807,32.097877011981
14,99,1029.839909638230,102.983990963823
14,100,241.340658272003,24.134065827200
14,101,376.387745016037,37.638774501604
14,102,110.807222700590,11.080722270059
14,103,116.163314215129,11.616331421513
14,104,245.398044409975,24.539804440997
14,105,164.507135502495,16.450713550249
14,106,194.691172054532,19.469117205453
14,107,36.966922192662,3.696692219266
14,108,1010.503690192126,101.050369019213
14,109,529.168441862516,52.916844186252
14,110,309.674778886787,30.967477888679
14,111,196.105239122467,19.610523912247
14,112,36.254843289213,3.625484328921
14,113,770.650915925324,77.065091592532
14,114,85.245199130559,8.524519913056
14,115,37.172100551539,3.717210055154
14,116,52.474751639927,5.247475163993
14,117,316.849930641084,31.684993064108
14,118,115.074423482906,11.507442348291
14,119,115.928590899836,11.592859089984
14,120,47.533471313493,4.753347131349
14,121,110.618953147540,11.061895314754
14,122,91.603455566792,9.160345556679
14,123,74.503834775293,7.450383477529
14,124,144.789013404353,14.478901340435
14,125,30.836661912416,3.083666191242
14,126,513.720975033902,51.372097503390
14,127,404.809174921962,40.480917492196
14,128,611.626778888628,61.162677888863
14,129,72.392870366129,7.239287036613
14,130,91.579092341192,9.157909234119
14,131,234.686134103567,23.468613410357
14,132,125.980512333646,12.598051233365
14,133,377.066369938064,37.706636993806
14,134,859.073334215274,85.907333421527
14,135,182.317017046278,18.231701704628
14,136,209.655828841499,20.965582884150
14,137,2495.083660190893,249.508366019089
14,138,53.917090958466,5.391709095847
14,139,57.202853742362,5.720285374236
14,140,66.149157453238,6.614915745324
14,141,68.758204373828,6.875820437383
14,142,93.427788444924,9.342778844492
14,143,134.330280647558,13.433028064756
14,144,61.793230894110,6.179323089411
14,145,191.948309208258,19.194830920826
14,146,56.140417109577,5.614041710958
14,147,76.101171480578,7.610117148058
14,148,412.020507884428,41.202050788443
14,149,1629.996154647202,162.999615464720
14,150,906.438081100732,90.643808110073
14,151,766.083083848011,76.608308384801
14,152,343.335665910075,34.333566591007
14,153,269.040918518660,26.904091851866
14,154,184.149713419768,18.414971341977
14,155,516.010300072271,51.601030007227
14,156,555.911263706120,55.591126370612
14,157,261.703678588078,26.170367858808
14,158,684.652365859885,68.465236585989
14,159,476.181607947201,47.618160794720
14,160,1359.008814399735,135.900881439973
14,161,224.091949085042,22.409194908504
14,162,80.859363984780,8.085936398478
14,163,85.048111544362,8.504811154436
14,164,71.524339555003,7.152433955500
14,165,2085.514929151357,208.551492915136
14,166,669.869887819573,66.986988781957
14,167,2783.391708411431,278.339170841143
14,168,177.254102406962,17.725410240696
14,169,49.953248697893,4.995324869789
14,170,219.504117344924,21.950411734492
14,171,61.447327635126,6.144732763513
14,172,648.047255748899,64.804725574890
14,173,67.247411663958,6.724741166396
14,174,487.636414819285,48.763641481929
14,175,221.093999630435,22.109399963043
14,176,640.683288996202,64.068328899620
14,177,819.179734093647,81.917973409365
14,178,925.965933679550,92.596593367955
14,179,494.238576234195,49.423857623420
14,180,462.259206315097,46.225920631510
14,181,419.067752704325,41.906775270432
14,182,756.556789915766,75.655678991577
14,183,342.244138858662,34.224413885866
14,184,676.211962710442,67.621196271044
14,185,386.444757273106,38.644475727311
14,186,578.684970650773,57.868497065077
14,187,79.978469745738,7.997846974574
14,188,73.044404835810,7.304440483581
14,189,133.335388330522,13.333538833052
14,190,239.254602533788,23.925460253379
14,191,332.992113029530,33.299211302953
14,192,166.331650195744,16.633165019574
14,193,47.444472814006,4.744447281401
15,1,84.233076646764,8.423307664676
15,2,101.806525906204,10.180652590620
15,3,466.924296490512,46.692429649051
15,4,108.296859325029,10.829685932503
15,5,122.290719931699,12.229071993170
15,6,104.049968109394,10.404996810939
15,7,702.077821000743,70.207782100074
15,8,1602.609792206977,160.260979220698
15,9,405.731563482669,40.573156348267
15,10,891.376235512541,89.137623551254
15,11,738.310355509807,73.831035550981
15,12,405.119748578564,40.511974857856
15,13,436.648072017768,43.664807201777
15,14,468.272773530930,46.827277353093
15,15,138.524214764978,13.852421476498
15,16,596.767775307290,59.676777530729
15,17,643.499535914463,64.349953591446
15,18,671.840220290471,67.184022029047
15,19,632.493123602132,63.249312360213
15,20,326.631457935621,32.663145793562
15,21,985.918411426662,98.591841142666
15,22,796.152613122540,79.615261312254
15,23,465.901673446147,46.590167344615
15,24,762.224539108081,76.222453910808
15,25,616.390278632043,61.639027863204
15,26,727.518005881023,72.751800588102
15,27,41.440667813210,4.144066781321
15,28,164.936612332971,16.493661233297
15,29,802.120981751361,80.212098175136
15,30,623.232849884663,62.323284988466
15,31,506.867704178302,50.686770417830
15,32,208.983024121274,20.898302412127
15,33,602.640309858813,60.264030985881
15,34,1347.742100935711,134.774210093571
15,35,821.055963970925,82.105596397093
15,36,947.181860316905,94.718186031691
15,37,1161.226410643944,116.122641064394
15,38,470.309950335952,47.030995033595
15,39,907.360307879727,90.736030787973
15,40,1375.403696154667,137.540369615467
15,41,248.518796982615,24.851879698262
15,42,1516.713083124619,151.671308312462
15,43,790.526146391073,79.052614639107
15,44,243.899630723081,24.389963072308
15,45,446.568213677158,44.656821367716
15,46,1404.839717794532,140.483971779453
15,47,3558.242858710807,355.824285871081
15,48,248.203278923003,24.820327892300
15,49,507.806461071761,50.780646107176
15,50,603.870920957420,60.387092095742
15,51,2419.258839279737,241.925883927974
15,52,556.742496123001,55.674249612300
15,53,1155.461678096118,115.546167809612
15,54,496.454066887164,49.645406688716
15,55,1445.091390253204,144.509139025320
15,56,200.774567935296,20.077456793530
15,57,2275.379068117240,227.537906811724
15,58,1703.285983731233,170.328598373123
15,59,154.663598177027,15.466359817703
15,60,225.237644157969,22.523764415797
15,61,1078.313069881009,107.831306988101
15,62,1269.177016098377,126.917701609838
15,63,175.837398628219,17.583739862822
15,64,640.697137148765,64.069713714876
15,65,152.368204293330,15.236820429333
15,66,44.015131980669,4.401513198067
15,67,34.873086869446,3.487308686945
15,68,55.058898729942,5.505889872994
15,69,57.291461000043,5.729146100004
15,70,315.989614047921,31.598961404792
15,71,356.364864413278,35.636486441328
15,72,124.417746850825,12.441774685082
15,73,404.042997867075,40.404299786708
15,74,114.903880026246,11.490388002625
15,75,238.461296167967,23.846129616797
15,76,106.154600499577,10.615460049958
15,77,437.774598423146,43.777459842315
15,78,105.952959072973,10.595295907297
15,79,193.134769585496,19.313476958550
15,80,51.247748834569,5.124774883457
15,81,279.726343727879,27.972634372788
15,82,121.626772014872,12.162677201487
15,83,319.850448971072,31.985044897107
15,84,466.567706683484,46.656770668348
15,85,301.243678066393,30.124367806639
15,86,294.998777804862,29.499877780486
15,87,67.487136964938,6.748713696494
15,88,18.976325965308,1.897632596531
15,89,102.363578480421,10.236357848042
15,90,205.004413922422,20.500441392242
15,91,68.625721962824,6.862572196282
15,92,34.829476470976,3.482947647098
15,93,135.792988894912,13.579298889491
15,94,50.194752643660,5.019475264366
15,95,77.132832312128,7.713283231213
15,96,199.555562098653,19.955556209865
15,97,62.092866138838,6.209286613884
15,98,320.126255274908,32.012625527491
15,99,1027.104670137782,102.710467013778
15,100,240.699661069048,24.069966106905
15,101,375.388064756983,37.538806475698
15,102,110.512920363276,11.051292036328
15,103,115.854786178325,11.585478617832
15,104,244.746270849715,24.474627084971
15,105,164.070206994558,16.407020699456
15,106,194.174075193934,19.417407519393
15,107,36.868738596508,3.686873859651
15,108,1007.819807403263,100.781980740326
15,109,527.762978342383,52.776297834238
15,110,308.852287274667,30.885228727467
15,111,195.584386520744,19.558438652074
15,112,36.158550964048,3.615855096405
15,113,768.604078541602,76.860407854160
15,114,85.018789148091,8.501878914809
15,115,37.073372004712,3.707337200471
15,116,52.335379479149,5.233537947915
15,117,316.008381932500,31.600838193250
15,118,114.768787523709,11.476878752371
15,119,115.620686284669,11.562068628467
15,120,47.407223119852,4.740722311985
15,121,110.325150851362,11.032515085136
15,122,91.360158149689,9.136015814969
15,123,74.305953696977,7.430595369698
15,124,144.404455935771,14.440445593577
15,125,30.754760196494,3.075476019649
15,126,512.356539756175,51.235653975618
15,127,403.734007767313,40.373400776731
15,128,610.002307250376,61.000230725038
15,129,72.200595977922,7.220059597792
15,130,91.335859632455,9.133585963245
15,131,234.062811217942,23.406281121794
15,132,125.645909964485,12.564590996448
15,133,376.064887261298,37.606488726130
15,134,856.791648202199,85.679164820220
15,135,181.832785757550,18.183278575755
15,136,209.098986074794,20.909898607479
15,137,2488.456755056993,248.845675505699
15,138,53.773887965886,5.377388796589
15,139,57.050923812641,5.705092381264
15,140,65.973466273770,6.597346627377
15,141,68.575583604499,6.857558360450
15,142,93.179645626800,9.317964562680
15,143,133.973501417802,13.397350141780
15,144,61.629108990871,6.162910899087
15,145,191.438497350632,19.143849735063
15,146,55.991308995769,5.599130899577
15,147,75.899047899703,7.589904789970
15,148,410.926187536563,41.092618753656
15,149,1625.666909076076,162.566690907608
15,150,904.030595023592,90.403059502359
15,151,764.048378558426,76.404837855843
15,152,342.423771482096,34.242377148210
15,153,268.326349836011,26.832634983601
15,154,183.660614516697,18.366061451670
15,155,514.639784381252,51.463978438125
15,156,554.434771648469,55.443477164847
15,157,261.008597505681,26.100859750568
15,158,682.833939347522,68.283393934752
15,159,474.916876670763,47.491687667076
15,160,1355.399307178453,135.539930717845
15,161,223.496764197436,22.349676419744
15,162,80.644602715303,8.064460271530
15,163,84.822225023596,8.482222502360
15,164,71.334371971727,7.133437197173
15,165,2079.975832482445,207.997583248245
15,166,668.090723349273,66.809072334927
15,167,2775.999061384632,277.599906138463
15,168,176.783318144298,17.678331814430
15,169,49.820573611468,4.982057361147
15,170,218.921117670262,21.892111767026
15,171,61.284124445803,6.128412444580
15,172,646.326051865177,64.632605186518
15,173,67.068803537622,6.706880353762
15,174,486.341259745970,48.634125974597
15,175,220.506777252043,22.050677725204
15,176,638.981643698774,63.898164369877
15,177,817.004004889828,81.700400488983
15,178,923.506581916071,92.350658191607
15,179,492.925885918246,49.292588591825
15,180,461.031452730559,46.103145273056
15,181,417.954714978914,41.795471497891
15,182,754.547386321341,75.454738632134
15,183,341.335143510315,34.133514351032
15,184,674.415953783452,67.441595378345
15,185,385.418365738906,38.541836573891
15,186,577.147991965809,57.714799196581
15,187,79.766048118273,7.976604811827
15,188,72.850399981732,7.285039998173
15,189,132.981251519978,13.298125151998
15,190,238.619145863882,23.861914586388
15,191,332.107690924335,33.210769092434
15,192,165.889875803887,16.588987580389
15,193,47.318460999059,4.731846099906
16,1,82.823340933682,8.282334093368
16,2,100.102678663432,10.010267866343
16,3,459.109790808517,45.910979080852
16,4,106.484389019032,10.648438901903
16,5,120.244046556712,12.024404655671
16,6,102.308574326476,10.230857432648
16,7,690.327755384860,69.032775538486
16,8,1575.788306537132,157.578830653713
16,9,398.941187329552,39.894118732955
16,10,876.458047040526,87.645804704053
16,11,725.953897489583,72.595389748958
16,12,398.339611839159,39.833961183916
16,13,429.340273161589,42.934027316159
16,14,460.435699562012,46.043569956201
16,15,136.205855511645,13.620585551164
16,16,586.780192296464,58.678019229646
16,17,632.729844087412,63.272984408741
16,18,660.596215088100,66.059621508810
16,19,621.907636521332,62.190763652133
16,20,321.164911424461,32.116491142446
16,21,969.417952817020,96.941795281702
16,22,782.828099564894,78.282809956489
16,23,458.104282516266,45.810428251627
16,24,749.467850204578,74.946785020458
16,25,606.074290856507,60.607429085651
16,26,715.342170026170,71.534217002617
16,27,40.747111413328,4.074711141333
16,28,162.176211762831,16.217621176283
16,29,788.696580801022,78.869658080102
16,30,612.802343947758,61.280234394776
16,31,498.384700436384,49.838470043638
16,32,205.485457081584,20.548545708158
16,33,592.554443346860,59.255444334686
16,34,1325.186114055639,132.518611405564
16,35,807.314664698405,80.731466469840
16,36,931.329701658720,93.132970165872
16,37,1141.791974585968,114.179197458597
16,38,462.438781911385,46.243878191139
16,39,892.174607896159,89.217460789616
16,40,1352.384761223623,135.238476122362
16,41,244.359554112412,24.435955411241
16,42,1491.329175936412,149.132917593641
16,43,777.295798111553,77.729579811155
16,44,239.817694819450,23.981769481945
16,45,439.094390041489,43.909439004149
16,46,1381.328137781429,138.132813778143
16,47,3498.691643992897,349.869164399290
16,48,244.049316604032,24.404931660403
16,49,499.307746172525,49.930774617253
16,50,593.764458778257,59.376445877826
16,51,2378.769809071060,237.876980907106
16,52,547.424781384098,54.742478138410
16,53,1136.123721350931,113.612372135093
16,54,488.145347131737,48.814534713174
16,55,1420.906153020929,142.090615302093
16,56,197.414378684655,19.741437868465
16,57,2237.298028449482,223.729802844948
16,58,1674.779568241670,167.477956824167
16,59,152.075128106318,15.207512810632
16,60,221.468037685783,22.146803768578
16,61,1060.266282264922,106.026628226492
16,62,1247.935904684162,124.793590468416
16,63,172.894561082571,17.289456108257
16,64,629.974346631504,62.997434663150
16,65,149.818150232843,14.981815023284
16,66,43.278489014043,4.327848901404
16,67,34.289446357401,3.428944635740
16,68,54.137425848357,5.413742584836
16,69,56.332623666283,5.633262366628
16,70,310.701170818496,31.070117081850
16,71,350.400695748780,35.040069574878
16,72,122.335475277007,12.233547527701
16,73,397.280881767454,39.728088176745
16,74,112.980833763507,11.298083376351
16,75,234.470376937918,23.447037693792
16,76,104.377983315573,10.437798331557
16,77,430.447945874705,43.044794587471
16,78,104.179716586079,10.417971658608
16,79,189.902440992488,18.990244099249
16,80,50.390059852720,5.039005985272
16,81,275.044807301321,27.504480730132
16,82,119.591210558471,11.959121055847
16,83,314.497390306831,31.449739030683
16,84,458.759168934821,45.875916893482
16,85,296.202024737130,29.620202473713
16,86,290.061639937622,29.006163993762
16,87,66.357663473758,6.635766347376
16,88,18.658735708827,1.865873570883
16,89,100.650408333403,10.065040833340
16,90,201.573433419862,20.157343341986
16,91,67.477192965210,6.747719296521
16,92,34.246565828225,3.424656582822
16,93,133.520339792540,13.352033979254
16,94,49.354686742852,4.935468674285
16,95,75.841927210589,7.584192721059
16,96,196.215774288050,19.621577428805
16,97,61.053671864947,6.105367186495
16,98,314.768580680537,31.476858068054
16,99,1009.914912952039,100.991491295204
16,100,236.671280273240,23.667128027324
16,101,369.105521340319,36.910552134032
16,102,108.663361771864,10.866336177186
16,103,113.915825426697,11.391582542670
16,104,240.650165466941,24.065016546694
16,105,161.324306696712,16.132430669671
16,106,190.924352647252,19.092435264725
16,107,36.251698597913,3.625169859791
16,108,990.952804185450,99.095280418545
16,109,518.930268577648,51.893026857765
16,110,303.683295273296,30.368329527330
16,111,192.311060820489,19.231106082049
16,112,35.553396757927,3.555339675793
16,113,755.740620837404,75.574062083740
16,114,83.595903648519,8.359590364852
16,115,36.452907234814,3.645290723481
16,116,51.459487769544,5.145948776954
16,117,310.719624601322,31.071962460132
16,118,112.848002186641,11.284800218664
16,119,113.685643459271,11.368564345927
16,120,46.613809675271,4.661380967527
16,121,108.478734794894,10.847873479489
16,122,89.831142674730,8.983114267473
16,123,73.062359603169,7.306235960317
16,124,141.987684202330,14.198768420233
16,125,30.240044534640,3.024004453464
16,126,503.781674148997,50.378167414900
16,127,396.977062966140,39.697706296614
16,128,599.793229393714,59.979322939371
16,129,70.992237424397,7.099223742440
16,130,89.807250820636,8.980725082064
16,131,230.145505603403,23.014550560340
16,132,123.543083693253,12.354308369325
16,133,369.771016455279,36.977101645528
16,134,842.452271876131,84.245227187613
16,135,178.789608634072,17.878960863407
16,136,205.599478280785,20.559947828078
16,137,2446.809619540693,244.680961954069
16,138,52.873921191377,5.287392119138
16,139,56.096112140497,5.609611214050
16,140,64.869325771911,6.486932577191
16,141,67.427893728965,6.742789372896
16,142,91.620178973062,9.162017897306
16,143,131.731303494208,13.173130349421
16,144,60.597676216853,6.059767621685
16,145,188.234557790100,18.823455779010
16,146,55.054231174850,5.505423117485
16,147,74.628791574367,7.462879157437
16,148,404.048873480471,40.404887348047
16,149,1598.459536503068,159.845953650307
16,150,888.900621546933,88.890062154693
16,151,751.261165640956,75.126116564096
16,152,336.692922759916,33.669292275992
16,153,263.835605188147,26.383560518815
16,154,180.586846613662,18.058684661366
16,155,506.026706095424,50.602670609542
16,156,545.155679286158,54.515567928616
16,157,256.640323711432,25.664032371143
16,158,671.405941834870,67.140594183487
16,159,466.968606128592,46.696860612859
16,160,1332.715168299992,133.271516829999
16,161,219.756293318418,21.975629331842
16,162,79.294924168100,7.929492416810
16,163,83.402629246746,8.340262924675
16,164,70.140510655697,7.014051065570
16,165,2045.165086750181,204.516508675018
16,166,656.909470214788,65.690947021479
16,167,2729.539580476371,272.953958047637
16,168,173.824649566750,17.382464956675
16,169,48.986770019551,4.898677001955
16,170,215.257225405924,21.525722540592
16,171,60.258465377947,6.025846537795
16,172,635.509055099997,63.550905510000
16,173,65.946331329025,6.594633132903
16,174,478.201789244566,47.820178924457
16,175,216.816347182959,21.681634718296
16,176,628.287563902744,62.828756390274
16,177,803.330519730860,80.333051973086
16,178,908.050655792745,90.805065579274
16,179,484.676214257845,48.467621425784
16,180,453.315570447242,45.331557044724
16,181,410.959770574504,41.095977057450
16,182,741.919183244179,74.191918324418
16,183,335.622514207291,33.562251420729
16,184,663.128840770741,66.312884077074
16,185,378.967953902020,37.896795390202
16,186,567.488768197699,56.748876819770
16,187,78.431073174934,7.843107317493
16,188,71.631166223985,7.163116622399
16,189,130.755660019573,13.075566001957
16,190,234.625584840818,23.462558484082
16,191,326.549493466484,32.654949346648
16,192,163.113521292463,16.311352129246
16,193,46.526533088861,4.652653308886
17,1,81.951602679021,8.195160267902
17,2,99.049070665962,9.904907066596
17,3,454.277535031034,45.427753503103
17,4,105.363611779359,10.536361177936
17,5,118.978445168298,11.897844516830
17,6,101.231748675460,10.123174867546
17,7,683.061867461973,68.306186746197
17,8,1559.202704790448,155.920270479045
17,9,394.742222515593,39.474222251559
17,10,867.233087028077,86.723308702808
17,11,718.313034703469,71.831303470347
17,12,394.146978771327,39.414697877133
17,13,424.821349677433,42.482134967743
17,14,455.589488233237,45.558948823324
17,15,134.772251730153,13.477225173015
17,16,580.604170719265,58.060417071926
17,17,626.070189891643,62.607018989164
17,18,653.643259736569,65.364325973657
17,19,615.361889012118,61.536188901212
17,20,317.784563129074,31.778456312907
17,21,959.214564440037,95.921456444004
17,22,774.588620288627,77.458862028863
17,23,453.282609987828,45.328260998783
17,24,741.579496652347,74.157949665235
17,25,599.695193629203,59.969519362920
17,26,707.812998566118,70.781299856612
17,27,40.318236951304,4.031823695130
17,28,160.469262897983,16.046926289798
17,29,780.395334159026,78.039533415903
17,30,606.352432126488,60.635243212649
17,31,493.139065522236,49.313906552224
17,32,203.322666596496,20.332266659650
17,33,586.317646202340,58.631764620234
17,34,1311.238168740406,131.123816874041
17,35,798.817457645022,79.881745764502
17,36,921.527202514330,92.152720251433
17,37,1129.774302612212,112.977430261221
17,38,457.571487594511,45.757148759451
17,39,882.784226793772,88.278422679377
17,40,1338.150542728101,133.815054272810
17,41,241.787603152569,24.178760315257
17,42,1475.632529576822,147.563252957682
17,43,769.114547817103,76.911454781710
17,44,237.293548167529,23.729354816753
17,45,434.472801816587,43.447280181659
17,46,1366.789282352887,136.678928235289
17,47,3461.866960118175,346.186696011818
17,48,241.480630978587,24.148063097859
17,49,494.052395950229,49.405239595023
17,50,587.514925891272,58.751492589127
17,51,2353.732607984711,235.373260798471
17,52,541.662986241542,54.166298624154
17,53,1124.165709288578,112.416570928858
17,54,483.007484204060,48.300748420406
17,55,1405.950728186482,140.595072818648
17,56,195.336538501206,19.533653850121
17,57,2213.749856442769,221.374985644277
17,58,1657.152056464164,165.715205646416
17,59,150.474495902180,15.047449590218
17,60,219.137026180343,21.913702618034
17,61,1049.106690440227,104.910669044023
17,62,1234.801038893742,123.480103889374
17,63,171.074798667540,17.107479866754
17,64,623.343694798062,62.334369479806
17,65,148.241273336449,14.824127333645
17,66,42.822971112300,4.282297111230
17,67,33.928540581518,3.392854058152
17,68,53.567614674491,5.356761467449
17,69,55.739707436610,5.573970743661
17,70,307.430956247131,30.743095624713
17,71,346.712632848871,34.671263284887
17,72,121.047861030843,12.104786103084
17,73,393.099392122411,39.309939212241
17,74,111.791679670894,11.179167967089
17,75,232.002512265263,23.200251226526
17,76,103.279376570485,10.327937657048
17,77,425.917363833109,42.591736383311
17,78,103.083196652398,10.308319665240
17,79,187.903666002244,18.790366600224
17,80,49.859690728111,4.985969072811
17,81,272.149885681794,27.214988568179
17,82,118.332480447011,11.833248044701
17,83,311.187219489874,31.118721948987
17,84,453.930603548197,45.393060354820
17,85,293.084417633136,29.308441763314
17,86,287.008662058526,28.700866205853
17,87,65.659230965628,6.565923096563
17,88,18.462347426036,1.846234742604
17,89,99.591035331755,9.959103533176
17,90,199.451818050878,19.945181805088
17,91,66.766977103815,6.676697710381
17,92,33.886111381608,3.388611138161
17,93,132.115001796507,13.211500179651
17,94,48.835215202638,4.883521520264
17,95,75.043670239652,7.504367023965
17,96,194.150549742812,19.415054974281
17,97,60.411065315246,6.041106531525
17,98,311.455555510926,31.145555551093
17,99,999.285283023468,99.928528302347
17,100,234.180250492650,23.418025049265
17,101,365.220585049031,36.522058504903
17,102,107.519650249621,10.751965024962
17,103,112.716830291795,11.271683029180
17,104,238.117256834386,23.811725683439
17,105,159.626324365055,15.962632436505
17,106,188.914821758100,18.891482175810
17,107,35.870139581965,3.587013958196
17,108,980.522755623854,98.052275562385
17,109,513.468385954695,51.346838595470
17,110,300.486945756278,30.048694575628
17,111,190.286934449568,19.028693444957
17,112,35.179187559316,3.517918755932
17,113,747.786244663269,74.778624466327
17,114,82.716033960557,8.271603396056
17,115,36.069230443079,3.606923044308
17,116,50.917862624406,5.091786262441
17,117,307.449215798860,30.744921579886
17,118,111.660246182607,11.166024618261
17,119,112.489071052363,11.248907105236
17,120,46.123186613808,4.612318661381
17,121,107.336966521943,10.733696652194
17,122,88.885645395259,8.888564539526
17,123,72.293358339468,7.229335833947
17,124,140.493225096786,14.049322509679
17,125,29.921759817478,2.992175981748
17,126,498.479234614416,49.847923461442
17,127,392.798771096851,39.279877109685
17,128,593.480242051562,59.348024205156
17,129,70.245024761286,7.024502476129
17,130,88.862005009447,8.886200500945
17,131,227.723161381218,22.772316138122
17,132,122.242759039114,12.224275903911
17,133,365.879075646383,36.587907564638
17,134,833.585231922883,83.358523192288
17,135,176.907799235597,17.690779923560
17,136,203.435487691475,20.343548769147
17,137,2421.056280890253,242.105628089025
17,138,52.317408748666,5.231740874867
17,139,55.505685259145,5.550568525915
17,140,64.186558424060,6.418655842406
17,141,66.718196755477,6.671819675548
17,142,90.655851598565,9.065585159857
17,143,130.344795593203,13.034479559320
17,144,59.959869145727,5.995986914573
17,145,186.253337725503,18.625333772550
17,146,54.474770374849,5.447477037485
17,147,73.843303186902,7.384330318690
17,148,399.796148876574,39.979614887657
17,149,1581.635313877068,158.163531387707
17,150,879.544700043900,87.954470004390
17,151,743.353936954602,74.335393695460
17,152,333.149137909720,33.314913790972
17,153,261.058663478342,26.105866347834
17,154,178.686120795227,17.868612079523
17,155,500.700636987240,50.070063698724
17,156,539.417767062114,53.941776706211
17,157,253.939114301792,25.393911430179
17,158,664.339211160810,66.433921116081
17,159,462.053634176254,46.205363417625
17,160,1318.687977635173,131.868797763517
17,161,217.443298389349,21.744329838935
17,162,78.460323462326,7.846032346233
17,163,82.524793824581,8.252479382458
17,164,69.402262649148,6.940226264915
17,165,2023.639166362055,202.363916636206
17,166,649.995318858666,64.999531885867
17,167,2700.810431868157,270.081043186816
17,168,171.995097716726,17.199509771673
17,169,48.471170903204,4.847117090320
17,170,212.991584393823,21.299158439382
17,171,59.624228593426,5.962422859343
17,172,628.820148950247,62.882014895025
17,173,65.252228203915,6.525222820392
17,174,473.168584975909,47.316858497591
17,175,214.534295988881,21.453429598888
17,176,621.674665917618,62.167466591762
17,177,794.875246889997,79.487524689000
17,178,898.493174955811,89.849317495581
17,179,479.574864899925,47.957486489992
17,180,448.544300419524,44.854430041952
17,181,406.634306893639,40.663430689364
17,182,734.110281470721,73.411028147072
17,183,332.089995699080,33.208999569908
17,184,656.149228843088,65.614922884309
17,185,374.979212817891,37.497921281789
17,186,561.515794121171,56.151579412117
17,187,77.605564736493,7.760556473649
17,188,70.877228660981,7.087722866098
17,189,129.379421032260,12.937942103226
17,190,232.156086562649,23.215608656265
17,191,323.112470976377,32.311247097638
17,192,161.396706989150,16.139670698915
17,193,46.036828637277,4.603682863728
18,1,79.923625818806,7.992362581881
18,2,96.597999341303,9.659799934130
18,3,443.035969289276,44.303596928928
18,4,102.756280627654,10.275628062765
18,5,116.034200934165,11.603420093416
18,6,98.726664734185,9.872666473419
18,7,666.158797649734,66.615879764973
18,8,1520.618627086867,152.061862708687
18,9,384.973919433748,38.497391943375
18,10,845.772510597442,84.577251059744
18,11,700.537638431168,70.053763843117
18,12,384.393405609338,38.439340560934
18,13,414.308707597135,41.430870759714
18,14,444.315456857510,44.431545685751
18,15,131.437173476975,13.143717347698
18,16,566.236522196575,56.623652219658
18,17,610.577437871359,61.057743787136
18,18,637.468183688655,63.746818368866
18,19,600.134124932105,60.013412493211
18,20,309.920656634363,30.992065663436
18,21,935.477811563037,93.547781156304
18,22,755.420626658484,75.542062665848
18,23,442.065664691544,44.206566469154
18,24,723.228347802806,72.322834780281
18,25,584.855118071123,58.485511807112
18,26,690.297436508425,69.029743650843
18,27,39.320520629608,3.932052062961
18,28,156.498285622438,15.649828562244
18,29,761.083647410285,76.108364741028
18,30,591.347616341444,59.134761634144
18,31,480.935831161289,48.093583116129
18,32,198.291237685582,19.829123768558
18,33,571.808611841030,57.180861184103
18,34,1278.790229011249,127.879022901125
18,35,779.049896466442,77.904989646644
18,36,898.723062245374,89.872306224537
18,37,1101.816873250674,110.181687325067
18,38,446.248409602121,44.624840960212
18,39,860.938821384035,86.093882138403
18,40,1305.036628571154,130.503662857115
18,41,235.804319748084,23.580431974808
18,42,1439.116481978780,143.911648197878
18,43,750.082015751352,75.008201575135
18,44,231.421474784815,23.142147478482
18,45,423.721324607190,42.372132460719
18,46,1332.966673071425,133.296667307143
18,47,3376.199494702501,337.619949470250
18,48,235.504943916886,23.550494391689
18,49,481.826560286645,48.182656028664
18,50,572.976263610251,57.297626361025
18,51,2295.487069055801,229.548706905580
18,52,528.258977458023,52.825897745802
18,53,1096.347070348543,109.634707034854
18,54,471.054966263524,47.105496626352
18,55,1371.159028571617,137.115902857162
18,56,190.502734559792,19.050273455979
18,57,2158.968334954349,215.896833495435
18,58,1616.144121115658,161.614412111566
18,59,146.750849435650,14.675084943565
18,60,213.714254644675,21.371425464468
18,61,1023.145464270643,102.314546427064
18,62,1204.244614711845,120.424461471185
18,63,166.841376480268,16.684137648027
18,64,607.918412708549,60.791841270855
18,65,144.572890263666,14.457289026367
18,66,41.763272562638,4.176327256264
18,67,33.088943881138,3.308894388114
18,68,52.242028847423,5.224202884742
18,69,54.360370935781,5.436037093578
18,70,299.823260424208,29.982326042421
18,71,338.132871458288,33.813287145829
18,72,118.052406968637,11.805240696864
18,73,383.371742571597,38.337174257160
18,74,109.025279355024,10.902527935502
18,75,226.261371018415,22.626137101841
18,76,100.723621966847,10.072362196685
18,77,415.377599753075,41.537759975308
18,78,100.532296722999,10.053229672300
18,79,183.253796150465,18.325379615046
18,80,48.625861300148,4.862586130015
18,81,265.415256307495,26.541525630750
18,82,115.404221275578,11.540422127558
18,83,303.486571062143,30.348657106214
18,84,442.697622983498,44.269762298350
18,85,285.831741692463,28.583174169246
18,86,279.906336950671,27.990633695067
18,87,64.034425632908,6.403442563291
18,88,18.005477613351,1.800547761335
18,89,97.126552532941,9.712655253294
18,90,194.516177276172,19.451617727617
18,91,65.114759451361,6.511475945136
18,92,33.047564635503,3.304756463550
18,93,128.845679931259,12.884567993126
18,94,47.626737477285,4.762673747728
18,95,73.186637286340,7.318663728634
18,96,189.346094315398,18.934609431540
18,97,58.916131249830,5.891613124983
18,98,303.748266831831,30.374826683183
18,99,974.556938921856,97.455693892186
18,100,228.385218869185,22.838521886919
18,101,356.182825308631,35.618282530863
18,102,104.858965704149,10.485896570415
18,103,109.927536170436,10.992753617044
18,104,232.224799931872,23.222479993187
18,105,155.676206472163,15.567620647216
18,106,184.239929815135,18.423992981514
18,107,34.982496013481,3.498249601348
18,108,956.258709597712,95.625870959771
18,109,500.762081610084,50.076208161008
18,110,293.051086628820,29.305108662882
18,111,185.578088164078,18.557808816408
18,112,34.308642310667,3.430864231067
18,113,729.281503438083,72.928150343808
18,114,80.669140460525,8.066914046053
18,115,35.176660166073,3.517666016607
18,116,49.657847642414,4.965784764241
18,117,299.841068124512,29.984106812451
18,118,108.897098323849,10.889709832385
18,119,109.705413068091,10.970541306809
18,120,44.981820830657,4.498182083066
18,121,104.680802673570,10.468080267357
18,122,86.686078502432,8.668607850243
18,123,70.504384688350,7.050438468835
18,124,137.016575462132,13.701657546213
18,125,29.181315036130,2.918131503613
18,126,486.143852266186,48.614385226619
18,127,383.078560723108,38.307856072311
18,128,578.793961874838,57.879396187484
18,129,68.506739235387,6.850673923539
18,130,86.663023122328,8.666302312233
18,131,222.087917081909,22.208791708191
18,132,119.217735994340,11.921773599434
18,133,356.825020877570,35.682502087757
18,134,812.957306341267,81.295730634127
18,135,172.530033438306,17.253003343831
18,136,198.401266906301,19.840126690630
18,137,2361.144748297595,236.114474829760
18,138,51.022760555582,5.102276055558
18,139,54.132139878259,5.413213987826
18,140,62.598195890984,6.259819589098
18,141,65.067186223013,6.506718622301
18,142,88.412479129022,8.841247912902
18,143,127.119279304670,12.711927930467
18,144,58.476100394488,5.847610039449
18,145,181.644306947610,18.164430694761
18,146,53.126736045144,5.312673604514
18,147,72.015974553300,7.201597455330
18,148,389.902781178807,38.990278117881
18,149,1542.496118144617,154.249611814462
18,150,857.779460061952,85.777946006195
18,151,724.958877751204,72.495887775120
18,152,324.905019178720,32.490501917872
18,153,254.598497827080,25.459849782708
18,154,174.264348598366,17.426434859837
18,155,488.310283748118,48.831028374812
18,156,526.069318540911,52.606931854091
18,157,247.655129231669,24.765512923167
18,158,647.899452772622,64.789945277262
18,159,450.619640847802,45.061964084780
18,160,1286.055684707812,128.605568470781
18,161,212.062439893273,21.206243989327
18,162,76.518741904126,7.651874190413
18,163,80.482632758789,8.048263275879
18,164,67.684832140189,6.768483214019
18,165,1973.562129810596,197.356212981060
18,166,633.910514867014,63.391051486701
18,167,2633.976094520180,263.397609452018
18,168,167.738901781105,16.773890178111
18,169,47.271701829191,4.727170182919
18,170,207.720888148100,20.772088814810
18,171,58.148765613535,5.814876561353
18,172,613.259346359198,61.325934635920
18,173,63.637494573954,6.363749457395
18,174,461.459540735854,46.145954073585
18,175,209.225423754959,20.922542375496
18,176,606.290685667701,60.629068566770
18,177,775.205239779036,77.520523977904
18,178,876.259035435580,87.625903543558
18,179,467.707290661416,46.770729066142
18,180,437.444609476382,43.744460947638
18,181,396.571721928951,39.657172192895
18,182,715.943966047947,71.594396604795
18,183,323.872086533539,32.387208653354
18,184,639.912140007208,63.991214000721
18,185,365.699965776989,36.569996577699
18,186,547.620507148159,54.762050714816
18,187,75.685135063800,7.568513506380
18,188,69.123298598092,6.912329859809
18,189,126.177793932066,12.617779393207
18,190,226.411144961553,22.641114496155
18,191,315.116719911524,31.511671991152
18,192,157.402779153829,15.740277915383
18,193,44.897599871247,4.489759987125
19,1,77.404156365220,7.740415636522
19,2,93.552895892547,9.355289589255
19,3,429.069941346616,42.906994134662
19,4,99.517046827219,9.951704682722
19,5,112.376401105517,11.237640110552
19,6,95.614458380884,9.561445838088
19,7,645.159165504402,64.515916550440
19,8,1472.683462206025,147.268346220602
19,9,372.838208365790,37.283820836579
19,10,819.110832235102,81.911083223510
19,11,678.454266173807,67.845426617381
19,12,372.275994347389,37.227599434739
19,13,401.248262422736,40.124826242274
19,14,430.309095035957,43.030909503596
19,15,127.293818614776,12.729381861478
19,16,548.386786194692,54.838678619469
19,17,591.329922659108,59.132992265911
19,18,617.372979048194,61.737297904819
19,19,581.215819107882,58.121581910788
19,20,300.150884312024,30.015088431202
19,21,905.988311473489,90.598831147349
19,22,731.607152557725,73.160715255773
19,23,428.130224109874,42.813022410987
19,24,700.429685810323,70.042968581032
19,25,566.418459452878,56.641845945288
19,26,668.536870876499,66.853687087650
19,27,38.081001656208,3.808100165621
19,28,151.564917721208,15.156491772121
19,29,737.091655284937,73.709165528494
19,30,572.706291694825,57.270629169483
19,31,465.775068328870,46.577506832887
19,32,192.040411210377,19.204041121038
19,33,553.783224277945,55.378322427795
19,34,1238.478332666075,123.847833266608
19,35,754.491545955463,75.449154595546
19,36,870.392199132458,87.039219913246
19,37,1067.083789920669,106.708378992067
19,38,432.181114416429,43.218111441643
19,39,833.799048386235,83.379904838623
19,40,1263.897354823113,126.389735482311
19,41,228.370951022098,22.837095102210
19,42,1393.750546945780,139.375054694578
19,43,726.436833153478,72.643683315348
19,44,224.126268509439,22.412626850944
19,45,410.364161149653,41.036416114965
19,46,1290.946947601695,129.094694760170
19,47,3269.769995177543,326.976999517754
19,48,228.081012553809,22.808101255381
19,49,466.637718587686,46.663771858769
19,50,554.914067619935,55.491406761994
19,51,2223.125367589712,222.312536758971
19,52,511.606425178858,51.160642517886
19,53,1061.786414147411,106.178641414741
19,54,456.205682509161,45.620568250916
19,55,1327.935347800092,132.793534780009
19,56,184.497428673943,18.449742867394
19,57,2090.910176738296,209.091017673830
19,58,1565.197661867491,156.519766186749
19,59,142.124754477457,14.212475447746
19,60,206.977241266505,20.697724126651
19,61,990.892376183160,99.089237618316
19,62,1166.282654273633,116.628265427363
19,63,161.581958538079,16.158195853808
19,64,588.754719177376,58.875471917738
19,65,140.015452120635,14.001545212063
19,66,40.446749589295,4.044674958929
19,67,32.045865786195,3.204586578620
19,68,50.595179189065,5.059517918906
19,69,52.646743799184,5.264674379918
19,70,290.371792996717,29.037179299672
19,71,327.473752428530,32.747375242853
19,72,114.330986296931,11.433098629693
19,73,371.286537666517,37.128653766652
19,74,105.588425005769,10.558842500577
19,75,219.128829082695,21.912882908270
19,76,97.548464606301,9.754846460630
19,77,402.283459396450,40.228345939645
19,78,97.363170596681,9.736317059668
19,79,177.477001905650,17.747700190565
19,80,47.093005765318,4.709300576532
19,81,257.048448321350,25.704844832135
19,82,111.766280587327,11.176628058733
19,83,293.919623397655,29.391962339766
19,84,428.742260888056,42.874226088806
19,85,276.821335386672,27.682133538667
19,86,271.082719921445,27.108271992144
19,87,62.015838791944,6.201583879194
19,88,17.437882607752,1.743788260775
19,89,94.064787257256,9.406478725726
19,90,188.384353777739,18.838435377774
19,91,63.062116747348,6.306211674735
19,92,32.005790957675,3.200579095768
19,93,124.784017919713,12.478401791971
19,94,46.125377785220,4.612537778522
19,95,70.879541040836,7.087954104084
19,96,183.377249735386,18.337724973539
19,97,57.058890771977,5.705889077198
19,98,294.173069610455,29.417306961045
19,99,943.835529410726,94.383552941073
19,100,221.185725894529,22.118572589453
19,101,344.954709228268,34.495470922827
19,102,101.553447988710,10.155344798871
19,103,106.462239561930,10.646223956193
19,104,224.904270066023,22.490427006602
19,105,150.768753352532,15.076875335253
19,106,178.432049222326,17.843204922233
19,107,33.879726598140,3.387972659814
19,108,926.114123639874,92.611412363987
19,109,484.976326707134,48.497632670713
19,110,283.813101570743,28.381310157074
19,111,179.728024186197,17.972802418620
19,112,33.227115097529,3.322711509753
19,113,706.292025018484,70.629202501848
19,114,78.126169803787,7.812616980379
19,115,34.067770024270,3.406777002427
19,116,48.092460324407,4.809246032441
19,117,290.389039336641,29.038903933664
19,118,105.464284684575,10.546428468457
19,119,106.247118548962,10.624711854896
19,120,43.563838070385,4.356383807038
19,121,101.380901273816,10.138090127382
19,122,83.953433122540,8.395343312254
19,123,68.281842333116,6.828184233312
19,124,132.697338528432,13.269733852843
19,125,28.261418934123,2.826141893412
19,126,470.818914573669,47.081891457367
19,127,371.002597925154,37.100259792515
19,128,560.548371889097,56.054837188910
19,129,66.347169582483,6.634716958248
19,130,83.931104527855,8.393110452785
19,131,215.086936866536,21.508693686654
19,132,115.459580116323,11.545958011632
19,133,345.576660569013,34.557666056901
19,134,787.330076852957,78.733007685296
19,135,167.091289329530,16.709128932953
19,136,192.146971929039,19.214697192904
19,137,2286.713289415619,228.671328941562
19,138,49.414346455992,4.941434645599
19,139,52.425707374938,5.242570737494
19,140,60.624883985010,6.062488398501
19,141,63.016043191898,6.301604319190
19,142,85.625411623021,8.562541162302
19,143,123.112039419231,12.311203941923
19,144,56.632731212980,5.663273121298
19,145,175.918249375975,17.591824937597
19,146,51.451997352259,5.145199735226
19,147,69.745781651034,6.974578165103
19,148,377.611695320473,37.761169532047
19,149,1493.871298986001,149.387129898600
19,150,830.739281073587,83.073928107359
19,151,702.105663462090,70.210566346209
19,152,314.662887859585,31.466288785959
19,153,246.572671525626,24.657267152563
19,154,168.770932869979,16.877093286998
19,155,472.917052633148,47.291705263315
19,156,509.485791893390,50.948579189339
19,157,239.848181952555,23.984818195255
19,158,627.475418408160,62.747541840816
19,159,436.414549316096,43.641454931610
19,160,1245.514756039515,124.551475603951
19,161,205.377497436142,20.537749743614
19,162,74.106606182313,7.410660618231
19,163,77.945541470668,7.794554147067
19,164,65.551171845110,6.555117184511
19,165,1911.348617224409,191.134861722441
19,166,613.927460267674,61.392746026767
19,167,2550.944046816735,255.094404681673
19,168,162.451190733390,16.245119073339
19,169,45.781534090209,4.578153409021
19,170,201.172806436350,20.117280643635
19,171,56.315715157851,5.631571515785
19,172,593.927288104221,59.392728810422
19,173,61.631420374501,6.163142037450
19,174,446.912738022154,44.691273802215
19,175,202.629913870819,20.262991387082
19,176,587.178303729517,58.717830372952
19,177,750.768086160519,75.076808616052
19,178,848.636316238459,84.863631623846
19,179,452.963537234709,45.296353723471
19,180,423.654840557361,42.365484055736
19,181,384.070407964277,38.407040796428
19,182,693.374932993486,69.337493299349
19,183,313.662516828326,31.366251682833
19,184,619.739893400402,61.973989340040
19,185,354.171836472127,35.417183647213
19,186,530.357612406059,53.035761240606
19,187,73.299277516295,7.329927751629
19,188,66.944292858991,6.694429285899
19,189,122.200232925844,12.220023292584
19,190,219.273881632493,21.927388163249
19,191,305.183149681225,30.518314968122
19,192,152.440898484317,15.244089848432
19,193,43.482272047265,4.348227204726
20,1,75.043350568864,7.504335056886
20,2,90.699557916133,9.069955791613
20,3,415.983424392743,41.598342439274
20,4,96.481803863296,9.648180386330
20,5,108.948951320368,10.894895132037
20,6,92.698243307159,9.269824330716
20,7,625.481985763444,62.548198576344
20,8,1427.767015634724,142.776701563472
20,9,361.466744031753,36.146674403175
20,10,794.128173791346,79.412817379135
20,11,657.761594883796,65.776159488380
20,12,360.921677388580,36.092167738858
20,13,389.010299137713,38.901029913771
20,14,417.184784230311,41.718478423031
20,15,123.411391637493,12.341139163749
20,16,531.661137802047,53.166113780205
20,17,573.294520239811,57.329452023981
20,18,598.543270465439,59.854327046544
20,19,563.488894106464,56.348889410646
20,20,290.996363666878,29.099636366688
20,21,878.355913452557,87.835591345256
20,22,709.293332634865,70.929333263486
20,23,415.072368277105,41.507236827711
20,24,679.066770175673,67.906677017567
20,25,549.142849911570,54.914284991157
20,26,648.146677455919,64.814667745592
20,27,36.919541423803,3.691954142380
20,28,146.942228797473,14.694222879747
20,29,714.610559514931,71.461055951493
20,30,555.238904973836,55.523890497384
20,31,451.569054947353,45.156905494735
20,32,186.183230702122,18.618323070212
20,33,536.892985985935,53.689298598594
20,34,1200.705079087482,120.070507908748
20,35,731.479758234535,73.147975823454
20,36,843.845472893102,84.384547289310
20,37,1034.538023456181,103.453802345618
20,38,418.999707526905,41.899970752690
20,39,808.368403329666,80.836840332967
20,40,1225.348827956055,122.534882795605
20,41,221.405698893405,22.140569889340
20,42,1351.241532902915,135.124153290291
20,43,704.280706571541,70.428070657154
20,44,217.290478047279,21.729047804728
20,45,397.848165423426,39.784816542343
20,46,1251.573415484022,125.157341548402
20,47,3170.042896274136,317.004289627414
20,48,221.124603469839,22.112460346984
20,49,452.405394607012,45.240539460701
20,50,537.989338912398,53.798933891240
20,51,2155.320646237667,215.532064623767
20,52,496.002567831498,49.600256783150
20,53,1029.402216208674,102.940221620867
20,54,442.291532802305,44.229153280231
20,55,1287.433679498436,128.743367949844
20,56,178.870307089267,17.887030708927
20,57,2027.137982883296,202.713798288330
20,58,1517.459557273389,151.745955727339
20,59,137.789987974828,13.778998797483
20,60,200.664491488697,20.066449148870
20,61,960.670427193477,96.067042719348
20,62,1130.711349324473,113.071134932447
20,63,156.653752583562,15.665375258356
20,64,570.797859766516,57.079785976652
20,65,135.745018768370,13.574501876837
20,66,39.213134685934,3.921313468593
20,67,31.068475562596,3.106847556260
20,68,49.052039932645,4.905203993264
20,69,51.041032378030,5.104103237803
20,70,281.515531987028,28.151553198703
20,71,317.485891709006,31.748589170901
20,72,110.843922193042,11.084392219304
20,73,359.962398868381,35.996239886838
20,74,102.368006652448,10.236800665245
20,75,212.445459168986,21.244545916899
20,76,94.573262866725,9.457326286672
20,77,390.013922884218,39.001392288422
20,78,94.393620274191,9.439362027419
20,79,172.064001435211,17.206400143521
20,80,45.656681849403,4.565668184940
20,81,249.208540295245,24.920854029525
20,82,108.357439312670,10.835743931267
20,83,284.955154522027,28.495515452203
20,84,415.665738099385,41.566573809938
20,85,268.378359662571,26.837835966257
20,86,262.814770414145,26.281477041415
20,87,60.124372512081,6.012437251208
20,88,16.906031913038,1.690603191304
20,89,91.195836732917,9.119583673292
20,90,182.638682030566,18.263868203057
20,91,61.138739273337,6.113873927334
20,92,31.029623005488,3.102962300549
20,93,120.978139183594,12.097813918359
20,94,44.718566260518,4.471856626052
20,95,68.717734244018,6.871773424402
20,96,177.784293304821,17.778429330482
20,97,55.318610063632,5.531861006363
20,98,285.200870694009,28.520087069401
20,99,915.048801497473,91.504880149747
20,100,214.439621185379,21.443962118538
20,101,334.433684062846,33.443368406285
20,102,98.456095341126,9.845609534113
20,103,103.215170101409,10.321517010141
20,104,218.044750767188,21.804475076719
20,105,146.170347226318,14.617034722632
20,106,172.989920067499,17.298992006750
20,107,32.846404116664,3.284640411666
20,108,897.867893800989,89.786789380099
20,109,470.184680147692,47.018468014769
20,110,275.156878872458,27.515687887246
20,111,174.246368146119,17.424636814612
20,112,32.213697089995,3.221369708999
20,113,684.750309626395,68.475030962639
20,114,75.743342793186,7.574334279319
20,115,33.028712269248,3.302871226925
20,116,46.625653315242,4.662565331524
20,117,281.532252318257,28.153225231826
20,118,102.247652577415,10.224765257741
20,119,103.006610221049,10.300661022105
20,120,42.235152812932,4.223515281293
20,121,98.288811254285,9.828881125428
20,122,81.392876159622,8.139287615962
20,123,66.199264643032,6.619926464303
20,124,128.650105657874,12.865010565787
20,125,27.399453314110,2.739945331411
20,126,456.459065248324,45.645906524832
20,127,359.687119212195,35.968711921219
20,128,543.451798427975,54.345179842797
20,129,64.323598887091,6.432359888709
20,130,81.371228581025,8.137122858102
20,131,208.526843570262,20.852684357026
20,132,111.938094206736,11.193809420674
20,133,335.036666056217,33.503666605622
20,134,763.316722837309,76.331672283731
20,135,161.995050278637,16.199505027864
20,136,186.286541347738,18.628654134774
20,137,2216.969153677135,221.696915367713
20,138,47.907222277981,4.790722227798
20,139,50.826737504833,5.082673750483
20,140,58.775841449878,5.877584144988
20,141,61.094070948844,6.109407094884
20,142,83.013859768864,8.301385976886
20,143,119.357155574352,11.935715557435
20,144,54.905448255715,5.490544825571
20,145,170.552790435344,17.055279043534
20,146,49.882725374017,4.988272537402
20,147,67.618554208411,6.761855420841
20,148,366.094640927703,36.609464092770
20,149,1448.308629133790,144.830862913379
20,150,805.401958091005,80.540195809101
20,151,680.691630963170,68.069163096317
20,152,305.065755038290,30.506575503829
20,153,239.052271853362,23.905227185336
20,154,163.623465146205,16.362346514620
20,155,458.493210665483,45.849321066548
20,156,493.946613286648,49.394661328665
20,157,232.532877390257,23.253287739026
20,158,608.337588162198,60.833758816220
20,159,423.104023809188,42.310402380919
20,160,1207.526893454562,120.752689345456
20,161,199.113539411706,19.911353941171
20,162,71.846374773058,7.184637477306
20,163,75.568223575284,7.556822357528
20,164,63.551878865031,6.355187886503
20,165,1853.053002282087,185.305300228209
20,166,595.202839074155,59.520283907416
20,167,2473.140944571270,247.314094457127
20,168,157.496473432436,15.749647343244
20,169,44.385209705039,4.438520970504
20,170,195.037090348141,19.503709034814
20,171,54.598101104371,5.459810110437
20,172,575.812666742609,57.581266674261
20,173,59.751678752213,5.975167875221
20,174,433.282020604213,43.328202060421
20,175,196.449756400665,19.644975640066
20,176,569.269524562685,56.926952456268
20,177,727.869862954459,72.786986295446
20,178,822.753138532578,82.275313853258
20,179,439.148272080259,43.914827208026
20,180,410.733482710331,41.073348271033
20,181,372.356364585870,37.235636458587
20,182,672.227185408253,67.222718540825
20,183,304.095895052433,30.409589505243
20,184,600.837994571223,60.083799457122
20,185,343.369691423164,34.336969142316
20,186,514.181848928933,51.418184892893
20,187,71.063669412606,7.106366941261
20,188,64.902510065457,6.490251006546
20,189,118.473158931958,11.847315893196
20,190,212.586087655318,21.258608765532
20,191,295.875146305819,29.587514630582
20,192,147.791492384655,14.779149238466
20,193,42.156074531416,4.215607453142
21,1,72.897743755874,7.289774375587
21,2,88.106315637841,8.810631563784
21,3,404.089807400676,40.408980740068
21,4,93.723238125901,9.372323812590
21,5,105.833930329848,10.583393032985
21,6,90.047855486197,9.004785548620
21,7,607.598477099685,60.759847709969
21,8,1386.944922632688,138.694492263269
21,9,351.131844233380,35.113184423338
21,10,771.422806731417,77.142280673142
21,11,638.955161687426,63.895516168743
21,12,350.602361898400,35.060236189840
21,13,377.887886001498,37.788788600150
21,14,405.256818480722,40.525681848072
21,15,119.882866848946,11.988286684895
21,16,516.460113982852,51.646011398285
21,17,556.903132873026,55.690313287303
21,18,581.429981823019,58.142998182302
21,19,547.377864933682,54.737786493368
21,20,282.676322308041,28.267632230804
21,21,853.242343524688,85.324234352469
21,22,689.013526424555,68.901352642456
21,23,403.204799804912,40.320479980491
21,24,659.651188681531,65.965118868153
21,25,533.441996589554,53.344199658955
21,26,629.615149793261,62.961514979326
21,27,35.863953966542,3.586395396654
21,28,142.740920555854,14.274092055585
21,29,694.178725468264,69.417872546826
21,30,539.363755899102,53.936375589910
21,31,438.657989096944,43.865798909694
21,32,180.859960815710,18.085996081571
21,33,521.542375440899,52.154237544090
21,34,1166.375042134825,116.637504213482
21,35,710.565607401263,71.056560740126
21,36,819.718610459266,81.971861045927
21,37,1004.958962625380,100.495896262538
21,38,407.019850280458,40.701985028046
21,39,785.255885825568,78.525588582557
21,40,1190.314187663206,119.031418766321
21,41,215.075363528858,21.507536352886
21,42,1312.607423191497,131.260742319150
21,43,684.144219183631,68.414421918363
21,44,211.077803285802,21.107780328580
21,45,386.473063861506,38.647306386151
21,46,1215.788973200173,121.578897320017
21,47,3079.406409708004,307.940640970800
21,48,214.802305063281,21.480230506328
21,49,439.470416497114,43.947041649711
21,50,522.607381921732,52.260738192173
21,51,2093.696656534551,209.369665653455
21,52,481.821078322676,48.182107832268
21,53,999.969996143070,99.996999614307
21,54,429.645725826549,42.964572582655
21,55,1250.623936155910,125.062393615591
21,56,173.756125131467,17.375612513147
21,57,1969.178936092716,196.917893609272
21,58,1474.073014164112,147.407301416411
21,59,133.850356618828,13.385035661883
21,60,194.927179697588,19.492717969759
21,61,933.203356520351,93.320335652035
21,62,1098.382542624831,109.838254262483
21,63,152.174776681292,15.217477668129
21,64,554.477855829184,55.447785582918
21,65,131.863856281743,13.186385628174
21,66,38.091969808526,3.809196980853
21,67,30.180179233461,3.018017923346
21,68,47.649565359313,4.764956535931
21,69,49.581689398511,4.958168939851
21,70,273.466562440563,27.346656244056
21,71,308.408473295319,30.840847329532
21,72,107.674721020214,10.767472102021
21,73,349.670510652076,34.967051065208
21,74,99.441145167179,9.944114516718
21,75,206.371311078235,20.637131107823
21,76,91.869265302714,9.186926530271
21,77,378.862814574723,37.886281457472
21,78,91.694758972987,9.169475897299
21,79,167.144422405877,16.714442240588
21,80,44.351285876383,4.435128587638
21,81,242.083278191953,24.208327819195
21,82,105.259330575988,10.525933057599
21,83,276.807840785314,27.680784078531
21,84,403.781204255528,40.378120425553
21,85,260.705002428576,26.070500242858
21,86,255.300484902104,25.530048490210
21,87,58.405322625440,5.840532262544
21,88,16.422662007800,1.642266200780
21,89,88.588405066725,8.858840506673
21,90,177.416756336824,17.741675633682
21,91,59.390687053813,5.939068705381
21,92,30.142437531754,3.014243753175
21,93,117.519184890011,11.751918489001
21,94,43.439992480052,4.343999248005
21,95,66.752986699440,6.675298669944
21,96,172.701162180403,17.270116218040
21,97,53.736964444961,5.373696444496
21,98,277.046531547466,27.704653154747
21,99,888.886124487089,88.888612448709
21,100,208.308456882316,20.830845688232
21,101,324.871701747574,32.487170174757
21,102,95.641081521210,9.564108152121
21,103,100.264086887578,10.026408688758
21,104,211.810510168439,21.181051016844
21,105,141.991108286582,14.199110828658
21,106,168.043867575685,16.804386757569
21,107,31.907274028246,3.190727402825
21,108,872.196445824589,87.219644582459
21,109,456.741364444963,45.674136444496
21,110,267.289713167913,26.728971316791
21,111,169.264391837775,16.926439183777
21,112,31.292657085466,3.129265708547
21,113,665.172226846332,66.517222684633
21,114,73.577722107226,7.357772210723
21,115,32.084369705490,3.208436970549
21,116,45.292552931866,4.529255293187
21,117,273.482804711360,27.348280471136
21,118,99.324232203469,9.932423220347
21,119,100.061490060531,10.006149006053
21,120,41.027583708725,4.102758370873
21,121,95.478580348160,9.547858034816
21,122,79.065726474899,7.906572647490
21,123,64.306524084992,6.430652408499
21,124,124.971797838476,12.497179783848
21,125,26.616060071973,2.661606007197
21,126,443.408186352017,44.340818635202
21,127,349.403101671989,34.940310167199
21,128,527.913661172655,52.791366117265
21,129,62.484486547864,6.248448654786
21,130,79.044697834446,7.904469783445
21,131,202.564734830930,20.256473483093
21,132,108.737608943987,10.873760894399
21,133,325.457443542270,32.545744354227
21,134,741.492303370789,74.149230337079
21,135,157.363358317744,15.736335831774
21,136,180.960317648317,18.096031764832
21,137,2153.582536684993,215.358253668499
21,138,46.537479832690,4.653747983269
21,139,49.373521551045,4.937352155105
21,140,57.095348176349,5.709534817635
21,141,59.347295866610,5.934729586661
21,142,80.640363626402,8.064036362640
21,143,115.944547738508,11.594454773851
21,144,53.335615579607,5.333561557961
21,145,165.676419293086,16.567641929309
21,146,48.456500204144,4.845650020414
21,147,65.685233940935,6.568523394094
21,148,355.627422315811,35.562742231581
21,149,1406.899219260383,140.689921926038
21,150,782.374255897873,78.237425589787
21,151,661.229592156696,66.122959215670
21,152,296.343447765788,29.634344776579
21,153,232.217393356321,23.221739335632
21,154,158.945214256269,15.894521425627
21,155,445.384172368875,44.538417236888
21,156,479.823906735212,47.982390673521
21,157,225.884398581804,22.588439858180
21,158,590.944264651673,59.094426465167
21,159,411.006817738213,41.100681773821
21,160,1173.001810155066,117.300181015507
21,161,193.420571767251,19.342057176725
21,162,69.792174500375,6.979217450038
21,163,73.407609821774,7.340760982177
21,164,61.734831208745,6.173483120875
21,165,1800.071317477419,180.007131747742
21,166,578.185058591981,57.818505859198
21,167,2402.429975245825,240.242997524582
21,168,152.993402822493,15.299340282249
21,169,43.116167110097,4.311616711010
21,170,189.460674760827,18.946067476083
21,171,53.037055964225,5.303705596422
21,172,559.349281627169,55.934928162717
21,173,58.043284763319,5.804328476332
21,174,420.893809679371,42.089380967937
21,175,190.832950480512,19.083295048051
21,176,552.993218120215,55.299321812021
21,177,707.058924675641,70.705892467564
21,178,799.229338941255,79.922933894125
21,179,426.592335846801,42.659233584680
21,180,398.989969765540,39.898996976554
21,181,361.710113496880,36.171011349688
21,182,653.007158344501,65.300715834450
21,183,295.401317594465,29.540131759446
21,184,583.659096176068,58.365909617607
21,185,333.552214675303,33.355221467530
21,186,499.480585328440,49.948058532844
21,187,69.031847910877,6.903184791088
21,188,63.046845749819,6.304684574982
21,189,115.085825943309,11.508582594331
21,190,206.507918776100,20.650791877610
21,191,287.415612917511,28.741561291751
21,192,143.565902368237,14.356590236824
21,193,40.950766399012,4.095076639901
22,1,70.528731218627,7.052873121863
22,2,85.243058757686,8.524305875769
22,3,390.957798499108,39.095779849911
22,4,90.677443911813,9.067744391181
22,5,102.394565887277,10.239456588728
22,6,87.121502932495,8.712150293249
22,7,587.852894648156,58.785289464816
22,8,1341.872335459171,134.187233545917
22,9,339.720849895865,33.972084989586
22,10,746.353302429803,74.635330242980
22,11,618.190557588758,61.819055758876
22,12,339.208574544602,33.920857454460
22,13,365.607380549784,36.560738054978
22,14,392.086884346666,39.208688434667
22,15,115.986943601754,11.598694360175
22,16,499.676323127660,49.967632312766
22,17,538.805034964439,53.880503496444
22,18,562.534816547624,56.253481654762
22,19,529.589316786257,52.958931678626
22,20,273.489978300282,27.348997830028
22,21,825.513888500207,82.551388850021
22,22,666.622138182148,66.662213818215
22,23,390.101551657545,39.010155165755
22,24,638.214010304235,63.821401030423
22,25,516.106332785646,51.610633278565
22,26,609.154075051406,60.915407505141
22,27,34.698456213051,3.469845621305
22,28,138.102162029835,13.810216202984
22,29,671.619479886774,67.161947988677
22,30,521.835648250925,52.183564825092
22,31,424.402592123139,42.440259212314
22,32,174.982419309165,17.498241930917
22,33,504.593422531419,50.459342253142
22,34,1128.470479447615,112.847047944762
22,35,687.473825053263,68.747382505326
22,36,793.079601278175,79.307960127817
22,37,972.300059081640,97.230005908164
22,38,393.792621582512,39.379262158251
22,39,759.736837599625,75.973683759962
22,40,1151.631656647133,115.163165664713
22,41,208.085898472718,20.808589847272
22,42,1269.950637373281,126.995063737328
22,43,661.911072462938,66.191107246294
22,44,204.218249936751,20.421824993675
22,45,373.913559459523,37.391355945952
22,46,1176.278569012567,117.627856901257
22,47,2979.332634910377,297.933263491038
22,48,207.821713792461,20.782171379246
22,49,425.188617462045,42.518861746205
22,50,505.623818699568,50.562381869957
22,51,2025.656229314539,202.565622931454
22,52,466.162978134015,46.616297813402
22,53,967.473222776967,96.747322277697
22,54,415.683207117235,41.568320711724
22,55,1209.981474105812,120.998147410581
22,56,168.109442289834,16.810944228983
22,57,1905.185054425939,190.518505442594
22,58,1426.168960191351,142.616896019135
22,59,129.500521402980,12.950052140298
22,60,188.592485250796,18.859248525080
22,61,902.876348611817,90.287634861182
22,62,1062.687583081409,106.268758308141
22,63,147.229439072241,14.722943907224
22,64,536.458573963825,53.645857396383
22,65,127.578577854094,12.757857785409
22,66,36.854066556718,3.685406655672
22,67,29.199391361344,2.919939136134
22,68,46.101061771757,4.610106177176
22,69,47.970396130006,4.797039613001
22,70,264.579514892021,26.457951489202
22,71,298.385892318369,29.838589231837
22,72,104.175535024886,10.417553502489
22,73,338.307006365648,33.830700636565
22,74,96.209531848552,9.620953184855
22,75,199.664708128904,19.966470812890
22,76,88.883721031018,8.888372103102
22,77,366.550626139504,36.655062613950
22,78,88.714885764094,8.871488576409
22,79,161.712605016074,16.171260501607
22,80,42.909968945695,4.290996894570
22,81,234.216116719638,23.421611671964
22,82,101.838639331662,10.183863933166
22,83,267.812209213710,26.781220921371
22,84,390.659224261334,39.065922426133
22,85,252.232676846801,25.223267684680
22,86,247.003793971257,24.700379397126
22,87,56.507281144142,5.650728114414
22,88,15.888962469420,1.588896246942
22,89,85.709481365593,8.570948136559
22,90,171.651111223206,17.165111122321
22,91,57.460623447216,5.746062344722
22,92,29.162876179964,2.916287617996
22,93,113.700075984475,11.370007598447
22,94,42.028290532899,4.202829053290
22,95,64.583664931138,6.458366493114
22,96,167.088763259350,16.708876325935
22,97,51.990634093365,5.199063409336
22,98,268.043143063524,26.804314306352
22,99,859.999326836015,85.999932683602
22,100,201.538901055984,20.153890105598
22,101,314.314102914138,31.431410291414
22,102,92.532961714944,9.253296171494
22,103,97.005729815953,9.700572981595
22,104,204.927145495449,20.492714549545
22,105,137.376716971054,13.737671697105
22,106,162.582820243031,16.258282024303
22,107,30.870359463984,3.087035946398
22,108,843.852025151965,84.385202515196
22,109,441.898298488444,44.189829848844
22,110,258.603399313087,25.860339931309
22,111,163.763680214706,16.376368021471
22,112,30.275716187986,3.027571618799
22,113,643.555627159716,64.355562715972
22,114,71.186611804582,7.118661180458
22,115,31.041699930463,3.104169993046
22,116,43.820646941210,4.382064694121
22,117,264.595229325588,26.459522932559
22,118,96.096418292924,9.609641829292
22,119,96.809716929624,9.680971692962
22,120,39.694279614919,3.969427961492
22,121,92.375741464134,9.237574146413
22,122,76.496268386965,7.649626838697
22,123,62.216706843262,6.221670684326
22,124,120.910495792239,12.091049579224
22,125,25.751098047718,2.575109804772
22,126,428.998418662853,42.899841866285
22,127,338.048287575324,33.804828757532
22,128,510.757655822327,51.075765582233
22,129,60.453881423636,6.045388142364
22,130,76.475923129980,7.647592312998
22,131,195.981837038841,19.598183703884
22,132,105.203881484309,10.520388148431
22,133,314.880809419348,31.488080941935
22,134,717.395473037589,71.739547303759
22,135,152.249403487994,15.224940348799
22,136,175.079514770674,17.507951477067
22,137,2083.595953197707,208.359595319771
22,138,45.025116520805,4.502511652081
22,139,47.768993268877,4.776899326888
22,140,55.239877915140,5.523987791514
22,141,57.418642375899,5.741864237590
22,142,78.019733376460,7.801973337646
22,143,112.176610994980,11.217661099498
22,144,51.602328162467,5.160232816247
22,145,160.292308699128,16.029230869913
22,146,46.881773051007,4.688177305101
22,147,63.550611733158,6.355061173316
22,148,344.070331812753,34.407033181275
22,149,1361.178162375081,136.117816237508
22,150,756.948854156371,75.694885415637
22,151,639.741119220352,63.974111922035
22,152,286.712952953225,28.671295295323
22,153,224.670850927374,22.467085092737
22,154,153.779852670186,15.377985267019
22,155,430.910189583246,43.091018958325
22,156,464.230710126360,46.423071012636
22,157,218.543664223809,21.854366422381
22,158,571.739906606478,57.173990660648
22,159,397.650021574850,39.765002157485
22,160,1134.881892427871,113.488189242787
22,161,187.134838685953,18.713483868595
22,162,67.524085971505,6.752408597151
22,163,71.022027785386,7.102202778539
22,164,59.728588195131,5.972858819513
22,165,1741.573052656965,174.157305265697
22,166,559.395346015403,55.939534601540
22,167,2324.356410304257,232.435641030426
22,168,148.021461707051,14.802146170705
22,169,41.714988758351,4.171498875835
22,170,183.303629416227,18.330362941623
22,171,51.313471062355,5.131347106236
22,172,541.171689391762,54.117168939176
22,173,56.157008697384,5.615700869738
22,174,407.215708539235,40.721570853924
22,175,184.631309264807,18.463130926481
22,176,535.022183637622,53.502218363762
22,177,684.081101620661,68.408110162066
22,178,773.256184951344,77.325618495134
22,179,412.729045436890,41.272904543689
22,180,386.023694104442,38.602369410444
22,181,349.955349226080,34.995534922608
22,182,631.785895993618,63.178589599362
22,183,285.801439891192,28.580143989119
22,184,564.691489703219,56.469148970322
22,185,322.712518716551,32.271251871655
22,186,483.248590923816,48.324859092382
22,187,66.788468284232,6.678846828423
22,188,60.997965217722,6.099796521772
22,189,111.345795724647,11.134579572465
22,190,199.796876384172,19.979687638417
22,191,278.075252635817,27.807525263582
22,192,138.900333790825,13.890033379083
22,193,39.619958694811,3.961995869481
23,1,68.498018778114,6.849801877811
23,2,82.788681131779,8.278868113178
23,3,379.701068774785,37.970106877479
23,4,88.066595676719,8.806659567672
23,5,99.446350100669,9.944635010067
23,6,84.613039831228,8.461303983123
23,7,570.927023932393,57.092702393239
23,8,1303.236210888183,130.323621088818
23,9,329.939370146193,32.993937014619
23,10,724.863777379881,72.486377737988
23,11,600.391183713572,60.039118371357
23,12,329.441844584283,32.944184458428
23,13,355.080557747255,35.508055774725
23,14,380.797645194803,38.079764519480
23,15,112.647366591939,11.264736659194
23,16,485.289293784123,48.528929378412
23,17,523.291384447725,52.329138444772
23,18,546.337921602165,54.633792160216
23,19,514.341011657576,51.434101165758
23,20,265.615464018035,26.561546401803
23,21,801.745116622023,80.174511662202
23,22,647.428288445489,64.742828844549
23,23,378.869475589728,37.886947558973
23,24,619.838107207144,61.983810720714
23,25,501.246239140032,50.124623914003
23,26,591.614885886620,59.161488588662
23,27,33.699394050994,3.369939405099
23,28,134.125828220195,13.412582822020
23,29,652.281743200872,65.228174320087
23,30,506.810592156817,50.681059215682
23,31,412.182896564762,41.218289656476
23,32,169.944203398820,16.994420339882
23,33,490.064816630953,49.006481663095
23,34,1095.978770015584,109.597877001558
23,35,667.679598998992,66.767959899899
23,36,770.244700028640,77.024470002864
23,37,944.304917360351,94.430491736035
23,38,382.454269653980,38.245426965398
23,39,737.861964466763,73.786196446676
23,40,1118.473074440513,111.847307444051
23,41,202.094544092418,20.209454409242
23,42,1233.385332516788,123.338533251679
23,43,642.852867017602,64.285286701760
23,44,198.338255591741,19.833825559174
23,45,363.147579358207,36.314757935821
23,46,1142.410335707793,114.241033570779
23,47,2893.549610863298,289.354961086330
23,48,201.837966001809,20.183796600181
23,49,412.946290113663,41.294629011366
23,50,491.065544913672,49.106554491367
23,51,1967.332121762972,196.733212176297
23,52,452.740888403396,45.274088840340
23,53,939.617058694477,93.961705869448
23,54,403.714566175879,40.371456617588
23,55,1175.142843241467,117.514284324147
23,56,163.269117929434,16.326911792943
23,57,1850.329637000260,185.032963700026
23,58,1385.105708383292,138.510570838329
23,59,125.771852032044,12.577185203204
23,60,183.162398825467,18.316239882547
23,61,876.880102802615,87.688010280262
23,62,1032.089940701424,103.208994070142
23,63,142.990306333458,14.299030633346
23,64,521.012484389479,52.101248438948
23,65,123.905246422849,12.390524642285
23,66,35.792938557574,3.579293855757
23,67,28.358662111458,2.835866211146
23,68,44.773687834312,4.477368783431
23,69,46.589199013394,4.658919901339
23,70,256.961556889480,25.696155688948
23,71,289.794557508644,28.979455750864
23,72,101.176040332201,10.117604033220
23,73,328.566234985405,32.856623498541
23,74,93.439399877581,9.343939987758
23,75,193.915822536850,19.391582253685
23,76,86.324518916674,8.632451891667
23,77,355.996644751809,35.599664475181
23,78,86.160544872560,8.616054487256
23,79,157.056462857839,15.705646285784
23,80,41.674475179475,4.167447517947
23,81,227.472402863270,22.747240286327
23,82,98.906430170340,9.890643017034
23,83,260.101173220655,26.010117322065
23,84,379.411091294793,37.941109129479
23,85,244.970217620237,24.497021762024
23,86,239.891888388886,23.989188838889
23,87,54.880284077609,5.488028407761
23,88,15.431476375512,1.543147637551
23,89,83.241674174514,8.324167417451
23,90,166.708812659686,16.670881265969
23,91,55.806177083901,5.580617708390
23,92,28.323198300658,2.832319830066
23,93,110.426344062753,11.042634406275
23,94,40.818182666729,4.081818266673
23,95,62.724126987331,6.272412698733
23,96,162.277827001772,16.227782700177
23,97,50.493683480199,5.049368348020
23,98,260.325457861930,26.032545786193
23,99,835.237626155130,83.523762615513
23,100,195.736052393459,19.573605239346
23,101,305.264151951066,30.526415195107
23,102,89.868688116579,8.986868811658
23,103,94.212673157559,9.421267315756
23,104,199.026740134882,19.902674013488
23,105,133.421270681724,13.342127068172
23,106,157.901622240792,15.790162224079
23,107,29.981518534572,2.998151853457
23,108,819.555248847910,81.955524884791
23,109,429.174854344806,42.917485434481
23,110,251.157509800116,25.115750980012
23,111,159.048482068220,15.904848206822
23,112,29.403996642688,2.940399664269
23,113,625.025924503022,62.502592450302
23,114,69.136957207204,6.913695720720
23,115,30.147925646787,3.014792564679
23,116,42.558932298720,4.255893229872
23,117,256.976818862111,25.697681886211
23,118,93.329543166371,9.332954316637
23,119,94.022304011021,9.402230401102
23,120,38.551374219650,3.855137421965
23,121,89.715994660930,8.971599466093
23,122,74.293734452466,7.429373445247
23,123,60.425320008262,6.042532000826
23,124,117.429156432359,11.742915643236
23,125,25.009654464957,2.500965446496
23,126,416.646396860017,41.664639686002
23,127,328.314965407012,32.831496540701
23,128,496.051565015870,49.605156501587
23,129,58.713251088125,5.871325108812
23,130,74.273974990315,7.427397499032
23,131,190.338991240926,19.033899124093
23,132,102.174777922838,10.217477792284
23,133,305.814541447160,30.581454144716
23,134,696.739722016791,69.673972201679
23,135,147.865732431084,14.786573243108
23,136,170.038503220053,17.003850322005
23,137,2023.603604688783,202.360360468878
23,138,43.728721949764,4.372872194976
23,139,46.393595083971,4.639359508397
23,140,53.649372806704,5.364937280670
23,141,55.765404760881,5.576540476088
23,142,75.773334774989,7.577333477499
23,143,108.946743740231,10.894674374023
23,144,50.116557924603,5.011655792460
23,145,155.677060703459,15.567706070346
23,146,45.531920329669,4.553192032967
23,147,61.720818177838,6.172081817784
23,148,334.163618744889,33.416361874489
23,149,1321.986170964933,132.198617096493
23,150,735.154254588117,73.515425458812
23,151,621.321246537813,62.132124653781
23,152,278.457713558469,27.845771355847
23,153,218.201971023885,21.820197102389
23,154,149.352115852555,14.935211585256
23,155,418.503122738136,41.850312273814
23,156,450.864255604453,45.086425560445
23,157,212.251202555121,21.225120255512
23,158,555.277972285213,55.527797228521
23,159,386.200604694246,38.620060469425
23,160,1102.205581119764,110.220558111976
23,161,181.746721837588,18.174672183759
23,162,65.579885373432,6.557988537343
23,163,68.977112005926,6.897711200593
23,164,58.008841008327,5.800884100833
23,165,1691.428466146130,169.142846614613
23,166,543.288844896065,54.328884489607
23,167,2257.431918724246,225.743191872425
23,168,143.759524499936,14.375952449994
23,169,40.513901695479,4.051390169548
23,170,178.025823418375,17.802582341837
23,171,49.836017799668,4.983601779967
23,172,525.589896509448,52.558989650945
23,173,54.540096919541,5.454009691954
23,174,395.490869725115,39.549086972512
23,175,179.315275782368,17.931527578237
23,176,519.617451615786,51.961745161579
23,177,664.384561226728,66.438456122673
23,178,750.992053336436,75.099205333644
23,179,400.845462779894,40.084546277989
23,180,374.909030556610,37.490903055661
23,181,339.879190630593,33.987919063059
23,182,613.595075648961,61.359507564896
23,183,277.572445416524,27.757244541652
23,184,548.432498319449,54.843249831945
23,185,313.420754705720,31.342075470572
23,186,469.334560308305,46.933456030830
23,187,64.865448103887,6.486544810389
23,188,59.241669241978,5.924166924198
23,189,108.139849882861,10.813984988286
23,190,194.044185311492,19.404418531149
23,191,270.068715935536,27.006871593554
23,192,134.901018462920,13.490101846292
23,193,38.479193199332,3.847919319933
24,1,69.421733058419,6.942173305842
24,2,83.905108852949,8.390510885295
24,3,384.821440221009,38.482144022101
24,4,89.254197500765,8.925419750076
24,5,100.787410986091,10.078741098609
24,6,85.754069522105,8.575406952210
24,7,578.626129022230,57.862612902223
24,8,1320.810703115578,132.081070311558
24,9,334.388691648850,33.438869164885
24,10,734.638761158763,73.463876115876
24,11,608.487620954507,60.848762095451
24,12,333.884456820387,33.388445682039
24,13,359.868914953794,35.986891495379
24,14,385.932804270168,38.593280427017
24,15,114.166446749525,11.416644674952
24,16,491.833550957452,49.183355095745
24,17,530.348110075669,53.034811007567
24,18,553.705436007082,55.370543600708
24,19,521.277039091502,52.127703909150
24,20,269.197360276642,26.919736027664
24,21,812.556866021484,81.255686602148
24,22,656.159033745550,65.615903374555
24,23,383.978632777289,38.397863277729
24,24,628.196791462803,62.819679146280
24,25,508.005680030470,50.800568003047
24,26,599.592972381424,59.959297238142
24,27,34.153839479896,3.415383947990
24,28,135.934551232843,13.593455123284
24,29,661.077938648927,66.107793864893
24,30,513.645069850276,51.364506985028
24,31,417.741294230067,41.774129423007
24,32,172.235946873081,17.223594687308
24,33,496.673473019444,49.667347301944
24,34,1110.758339685385,111.075833968539
24,35,676.683438690495,67.668343869049
24,36,780.631657804023,78.063165780402
24,37,957.039124169361,95.703912416936
24,38,387.611768757529,38.761176875753
24,39,747.812232308518,74.781223230852
24,40,1133.555985879806,113.355598587981
24,41,204.819843592752,20.481984359275
24,42,1250.017866786940,125.001786678694
24,43,651.521911524169,65.152191152417
24,44,201.012900527302,20.101290052730
24,45,368.044722529574,36.804472252957
24,46,1157.816047579251,115.781604757925
24,47,2932.569908734736,293.256990873474
24,48,204.559805477305,20.455980547730
24,49,418.514982347121,41.851498234712
24,50,497.687696393291,49.768769639329
24,51,1993.862126679782,199.386212667978
24,52,458.846221540853,45.884622154085
24,53,952.288048463476,95.228804846348
24,54,409.158766119118,40.915876611912
24,55,1190.989961816043,119.098996181604
24,56,165.470846073612,16.547084607361
24,57,1875.281831814904,187.528183181490
24,58,1403.784232892301,140.378423289230
24,59,127.467919419901,12.746791941990
24,60,185.632393234474,18.563239323447
24,61,888.705067780038,88.870506778004
24,62,1046.007952255499,104.600795225550
24,63,144.918569227210,14.491856922721
24,64,528.038478434747,52.803847843475
24,65,125.576142130011,12.557614213001
24,66,36.275615999484,3.627561599948
24,67,28.741086327953,2.874108632795
24,68,45.377473105364,4.537747310536
24,69,47.217466942953,4.721746694295
24,70,260.426752873573,26.042675287357
24,71,293.702515372251,29.370251537225
24,72,102.540426557477,10.254042655748
24,73,332.997039389620,33.299703938962
24,74,94.699455417138,9.469945541714
24,75,196.530829768439,19.653082976844
24,76,87.488628365184,8.748862836518
24,77,360.797355638982,36.079735563898
24,78,87.322443086804,8.732244308680
24,79,159.174411670723,15.917441167072
24,80,42.236466730971,4.223646673097
24,81,230.539929642121,23.053992964212
24,82,100.240210089702,10.024021008970
24,83,263.608707778789,26.360870777879
24,84,384.527552316394,38.452755231639
24,85,248.273707156164,24.827370715616
24,86,243.126895283785,24.312689528379
24,87,55.620359528169,5.562035952817
24,88,15.639574001524,1.563957400152
24,89,84.364210629189,8.436421062919
24,90,168.956926016150,16.895692601615
24,91,56.558738451678,5.655873845168
24,92,28.705144278088,2.870514427809
24,93,111.915473131771,11.191547313177
24,94,41.368626882459,4.136862688246
24,95,63.569978777666,6.356997877767
24,96,164.466187320105,16.446618732010
24,97,51.174604437154,5.117460443715
24,98,263.836016959017,26.383601695902
24,99,846.501031089902,84.650103108990
24,100,198.375605916197,19.837560591620
24,101,309.380721473111,30.938072147311
24,102,91.080591643810,9.108059164381
24,103,95.483156496111,9.548315649611
24,104,201.710669470424,20.171066947042
24,105,135.220492545708,13.522049254571
24,106,160.030968256180,16.003096825618
24,107,30.385827408167,3.038582740817
24,108,830.607172689854,83.060717268985
24,109,434.962393149254,43.496239314925
24,110,254.544436641894,25.454443664189
24,111,161.193293798076,16.119329379808
24,112,29.800517477617,2.980051747762
24,113,633.454567875824,63.345456787582
24,114,70.069287744763,7.006928774476
24,115,30.554478565225,3.055447856523
24,116,43.132850993305,4.313285099330
24,117,260.442220658026,26.044222065803
24,118,94.588117258512,9.458811725851
24,119,95.290220170224,9.529022017022
24,120,39.071249911347,3.907124991135
24,121,90.925839075679,9.092583907568
24,122,75.295605523705,7.529560552370
24,123,61.240171765718,6.124017176572
24,124,119.012720317209,11.901272031721
24,125,25.346916408980,2.534691640898
24,126,422.264986032120,42.226498603212
24,127,332.742381373110,33.274238137311
24,128,502.740954322983,50.274095432298
24,129,59.505015133870,5.950501513387
24,130,75.275579599871,7.527557959987
24,131,192.905763936610,19.290576393661
24,132,103.552632394221,10.355263239422
24,133,309.938533120186,30.993853312019
24,134,706.135445314532,70.613544531453
24,135,149.859741762314,14.985974176231
24,136,172.331518352868,17.233151835287
24,137,2050.892445748298,205.089244574830
24,138,44.318415573681,4.431841557368
24,139,47.019225241721,4.701922524172
24,140,54.372849086383,5.437284908638
24,141,56.517416302871,5.651741630287
24,142,76.795158656125,7.679515865613
24,143,110.415919999351,11.041591999935
24,144,50.792393241601,5.079239324160
24,145,157.776407905800,15.777640790580
24,146,46.145930570672,4.614593057067
24,147,62.553140077945,6.255314007794
24,148,338.669905380607,33.866990538061
24,149,1339.813511467170,133.981351146717
24,150,745.068008230973,74.506800823097
24,151,629.699931327849,62.969993132785
24,152,282.212791020026,28.221279102003
24,153,221.144483526011,22.114448352601
24,154,151.366169465604,15.136616946560
24,155,424.146750360093,42.414675036009
24,156,456.944281841854,45.694428184185
24,157,215.113467337510,21.511346733751
24,158,562.766045687746,56.276604568775
24,159,391.408624137467,39.140862413747
24,160,1117.069121018782,111.706912101878
24,161,184.197625460127,18.419762546013
24,162,66.464247836767,6.646424783677
24,163,69.907286987782,6.990728698778
24,164,58.791105893927,5.879110589393
24,165,1714.237835762420,171.423783576242
24,166,550.615241678234,55.061524167823
24,167,2287.873997741107,228.787399774111
24,168,145.698160508381,14.569816050838
24,169,41.060242600144,4.106024260014
24,170,180.426549720946,18.042654972095
24,171,50.508069957325,5.050806995733
24,172,532.677618193231,53.267761819323
24,173,55.275584854411,5.527558485441
24,174,400.824170901003,40.082417090100
24,175,181.733390698268,18.173339069827
24,176,526.624633267389,52.662463326739
24,177,673.343966444085,67.334396644408
24,178,761.119383972225,76.111938397223
24,179,406.250972089070,40.625097208907
24,180,379.964780073428,37.996478007343
24,181,344.462553296613,34.446255329661
24,182,621.869570938201,62.186957093820
24,183,281.315584798131,28.131558479813
24,184,555.828258657015,55.582825865702
24,185,317.647318218505,31.764731821850
24,186,475.663663592324,47.566366359232
24,187,65.740176187717,6.574017618772
24,188,60.040559149220,6.004055914922
24,189,109.598144960422,10.959814496042
24,190,196.660923549761,19.666092354976
24,191,273.710665498798,27.371066549880
24,192,136.720195125322,13.672019512532
24,193,38.998095510477,3.899809551048
